device_id,date,time,temperature,RH,PM2.5,lat,lon
08BEAC245E02,2023-06-30,00:00:11,30.2,84.0,2.0,24.686842,121.798426
08BEAC245CF6,2023-06-30,00:00:22,30.1,100.0,2.0,23.468906434845,120.46094857156
08BEAC245C4E,2023-06-30,00:00:42,27.7,100.0,0.0,24.374115,120.8436439
08BEAC252C20,2023-06-30,00:00:46,27.1,100.0,0.0,24.574514,121.47802
08BEAC252BA0,2023-06-30,00:01:21,29.2,100.0,0.0,24.6752335,121.0590723
08BEAC25291A,2023-06-30,00:01:25,31.5,100.0,1.0,24.9027334,120.9912667
08BEAC245F6A,2023-06-30,00:01:37,29.1,100.0,1.0,24.7457187,121.0847249
08BEAC245B1C,2023-06-30,00:02:07,31.0,100.0,1.0,24.602338,120.77856
08BEAC245F3C,2023-06-30,00:02:08,30.2,89.0,1.0,24.639860153198,121.83334350585
08BEAC245F4A,2023-06-30,00:02:20,30.2,100.0,3.0,24.5968,121.841078
08BEAC245C7A,2023-06-30,00:02:38,29.5,100.0,1.0,24.649751,120.9531952
08BEAC252838,2023-06-30,00:03:10,29.0,100.0,0.0,23.819479,121.473126
08BEAC2529F6,2023-06-30,00:03:54,31.5,100.0,3.0,24.905624636868,121.04758657515
08BEAC245DA6,2023-06-30,00:03:58,29.2,100.0,1.0,23.4844262,120.4874326
08BEAC245ED4,2023-06-30,00:04:04,30.7,100.0,2.0,24.61402,121.853386
08BEAC252820,2023-06-30,00:04:15,31.6,100.0,2.0,24.830241,121.0067357
08BEAC252AE2,2023-06-30,00:04:29,26.5,100.0,0.0,24.4373287,121.3807443
08BEAC2528CE,2023-06-30,00:04:48,30.0,99.0,1.0,24.7530748,121.7550418
08BEAC245D64,2023-06-30,00:04:57,30.1,90.0,2.0,24.62168,121.834905
08BEAC252B9A,2023-06-30,00:05:01,25.3,100.0,1.0,24.6250013,121.1482569
08BEAC252862,2023-06-30,00:05:08,30.3,100.0,2.0,24.780019,121.180754
08BEAC245E02,2023-06-30,00:05:27,30.2,85.0,2.0,24.686842,121.798426
08BEAC245CF6,2023-06-30,00:05:39,30.2,100.0,2.0,23.468906434845,120.46094857156
08BEAC252C20,2023-06-30,00:06:04,27.5,100.0,0.0,24.574514,121.47802
08BEAC245C4E,2023-06-30,00:06:08,27.8,100.0,0.0,24.374115,120.8436439
08BEAC252BA0,2023-06-30,00:06:35,29.3,100.0,0.0,24.6752335,121.0590723
08BEAC25291A,2023-06-30,00:06:42,31.5,100.0,1.0,24.9027334,120.9912667
08BEAC245F6A,2023-06-30,00:06:55,29.2,100.0,1.0,24.7457187,121.0847249
08BEAC245F3C,2023-06-30,00:07:28,30.3,89.0,1.0,24.639860153198,121.83334350585
08BEAC245B1C,2023-06-30,00:07:32,31.1,100.0,2.0,24.602338,120.77856
08BEAC245F4A,2023-06-30,00:07:35,30.6,100.0,2.0,24.5968,121.841078
08BEAC245C7A,2023-06-30,00:07:52,29.6,100.0,1.0,24.649751,120.9531952
08BEAC252838,2023-06-30,00:08:26,29.0,100.0,0.0,23.819479,121.473126
08BEAC2529F6,2023-06-30,00:09:08,31.6,100.0,2.0,24.905624636868,121.04758657515
08BEAC245DA6,2023-06-30,00:09:12,29.2,100.0,1.0,23.4844262,120.4874326
08BEAC245ED4,2023-06-30,00:09:19,30.7,100.0,2.0,24.61402,121.853386
08BEAC252820,2023-06-30,00:09:31,31.6,100.0,2.0,24.830241,121.0067357
08BEAC252AE2,2023-06-30,00:09:44,26.3,100.0,0.0,24.4373287,121.3807443
08BEAC2528CE,2023-06-30,00:10:08,30.1,99.0,1.0,24.7530748,121.7550418
08BEAC245D64,2023-06-30,00:10:17,30.2,89.0,2.0,24.62168,121.834905
08BEAC252B9A,2023-06-30,00:10:19,25.3,100.0,0.0,24.6250013,121.1482569
08BEAC252862,2023-06-30,00:10:22,30.5,100.0,2.0,24.780019,121.180754
08BEAC245E02,2023-06-30,00:10:44,30.3,84.0,2.0,24.686842,121.798426
08BEAC245CF6,2023-06-30,00:10:55,30.6,100.0,2.0,23.468906434845,120.46094857156
08BEAC252C20,2023-06-30,00:11:19,27.7,100.0,0.0,24.574514,121.47802
08BEAC245C4E,2023-06-30,00:11:23,28.0,100.0,0.0,24.374115,120.8436439
08BEAC252BA0,2023-06-30,00:11:50,29.5,100.0,0.0,24.6752335,121.0590723
08BEAC25291A,2023-06-30,00:11:56,31.6,100.0,3.0,24.9027334,120.9912667
08BEAC245F6A,2023-06-30,00:12:10,29.5,100.0,1.0,24.7457187,121.0847249
08BEAC245F3C,2023-06-30,00:12:41,30.3,89.0,2.0,24.639860153198,121.83334350585
08BEAC245B1C,2023-06-30,00:12:48,31.2,100.0,2.0,24.602338,120.77856
08BEAC245F4A,2023-06-30,00:12:53,30.7,100.0,2.0,24.5968,121.841078
08BEAC245C7A,2023-06-30,00:13:05,29.6,100.0,1.0,24.649751,120.9531952
08BEAC252838,2023-06-30,00:13:41,29.0,100.0,0.0,23.819479,121.473126
08BEAC2529F6,2023-06-30,00:14:26,31.6,100.0,3.0,24.905624636868,121.04758657515
08BEAC245DA6,2023-06-30,00:14:29,29.3,100.0,1.0,23.4844262,120.4874326
08BEAC245ED4,2023-06-30,00:14:35,30.8,100.0,2.0,24.61402,121.853386
08BEAC252820,2023-06-30,00:14:46,31.7,100.0,2.0,24.830241,121.0067357
08BEAC252AE2,2023-06-30,00:15:01,26.6,100.0,0.0,24.4373287,121.3807443
08BEAC2528CE,2023-06-30,00:15:25,30.2,99.0,1.0,24.7530748,121.7550418
08BEAC245D64,2023-06-30,00:15:32,30.2,89.0,2.0,24.62168,121.834905
08BEAC252B9A,2023-06-30,00:15:33,25.5,100.0,1.0,24.6250013,121.1482569
08BEAC252862,2023-06-30,00:15:37,30.6,100.0,2.0,24.780019,121.180754
08BEAC245E02,2023-06-30,00:15:58,30.3,85.0,2.0,24.686842,121.798426
08BEAC245CF6,2023-06-30,00:16:12,30.7,100.0,2.0,23.468906434845,120.46094857156
08BEAC245C4E,2023-06-30,00:16:39,28.1,100.0,0.0,24.374115,120.8436439
08BEAC252BA0,2023-06-30,00:17:05,29.6,100.0,0.0,24.6752335,121.0590723
08BEAC25291A,2023-06-30,00:17:10,31.7,100.0,4.0,24.9027334,120.9912667
08BEAC245F6A,2023-06-30,00:17:26,29.7,100.0,1.0,24.7457187,121.0847249
08BEAC245F3C,2023-06-30,00:17:55,30.5,90.0,1.0,24.639860153198,121.83334350585
08BEAC245B1C,2023-06-30,00:18:04,31.2,100.0,1.0,24.602338,120.77856
08BEAC245F4A,2023-06-30,00:18:09,30.8,100.0,2.0,24.5968,121.841078
08BEAC245C7A,2023-06-30,00:18:19,29.8,100.0,1.0,24.649751,120.9531952
08BEAC252838,2023-06-30,00:18:57,29.1,100.0,0.0,23.819479,121.473126
08BEAC2529F6,2023-06-30,00:19:41,31.8,100.0,2.0,24.905624636868,121.04758657515
08BEAC245DA6,2023-06-30,00:19:45,29.3,100.0,1.0,23.4844262,120.4874326
08BEAC245ED4,2023-06-30,00:19:51,31.0,100.0,2.0,24.61402,121.853386
08BEAC252820,2023-06-30,00:20:02,31.8,100.0,2.0,24.830241,121.0067357
08BEAC252AE2,2023-06-30,00:20:17,26.7,100.0,0.0,24.4373287,121.3807443
08BEAC2528CE,2023-06-30,00:20:40,30.3,99.0,1.0,24.7530748,121.7550418
08BEAC245D64,2023-06-30,00:20:47,30.2,88.0,2.0,24.62168,121.834905
08BEAC252B9A,2023-06-30,00:20:48,25.5,100.0,0.0,24.6250013,121.1482569
08BEAC252862,2023-06-30,00:20:52,30.7,100.0,2.0,24.780019,121.180754
08BEAC245E02,2023-06-30,00:21:11,30.3,84.0,2.0,24.686842,121.798426
08BEAC245CF6,2023-06-30,00:21:28,30.7,100.0,2.0,23.468906434845,120.46094857156
08BEAC245C4E,2023-06-30,00:21:55,28.2,100.0,0.0,24.374115,120.8436439
08BEAC252BA0,2023-06-30,00:22:21,29.6,100.0,0.0,24.6752335,121.0590723
08BEAC25291A,2023-06-30,00:22:25,31.7,100.0,2.0,24.9027334,120.9912667
08BEAC245F6A,2023-06-30,00:22:42,30.0,100.0,1.0,24.7457187,121.0847249
08BEAC252C20,2023-06-30,00:22:49,28.3,100.0,0.0,24.574514,121.47802
08BEAC245F3C,2023-06-30,00:23:11,30.5,89.0,1.0,24.639860153198,121.83334350585
08BEAC245B1C,2023-06-30,00:23:21,31.3,100.0,2.0,24.602338,120.77856
08BEAC245F4A,2023-06-30,00:23:26,31.1,100.0,2.0,24.5968,121.841078
08BEAC245C7A,2023-06-30,00:23:34,30.0,100.0,1.0,24.649751,120.9531952
08BEAC252838,2023-06-30,00:24:12,29.2,100.0,0.0,23.819479,121.473126
08BEAC245DA6,2023-06-30,00:24:59,29.5,100.0,1.0,23.4844262,120.4874326
08BEAC2529F6,2023-06-30,00:25:00,31.8,100.0,2.0,24.905624636868,121.04758657515
08BEAC245ED4,2023-06-30,00:25:06,31.1,100.0,2.0,24.61402,121.853386
08BEAC252820,2023-06-30,00:25:18,32.0,100.0,2.0,24.830241,121.0067357
08BEAC252AE2,2023-06-30,00:25:32,26.8,100.0,0.0,24.4373287,121.3807443
08BEAC2528CE,2023-06-30,00:25:56,30.2,99.0,1.0,24.7530748,121.7550418
08BEAC245D64,2023-06-30,00:26:01,30.2,88.0,2.0,24.62168,121.834905
08BEAC252B9A,2023-06-30,00:26:04,25.7,100.0,0.0,24.6250013,121.1482569
08BEAC252862,2023-06-30,00:26:07,31.0,100.0,2.0,24.780019,121.180754
08BEAC245E02,2023-06-30,00:26:25,30.3,84.0,2.0,24.686842,121.798426
08BEAC245CF6,2023-06-30,00:26:44,30.8,100.0,2.0,23.468906434845,120.46094857156
08BEAC245C4E,2023-06-30,00:27:11,28.2,100.0,0.0,24.374115,120.8436439
08BEAC252BA0,2023-06-30,00:27:36,29.7,100.0,0.0,24.6752335,121.0590723
08BEAC25291A,2023-06-30,00:27:39,31.8,100.0,2.0,24.9027334,120.9912667
08BEAC245F6A,2023-06-30,00:27:57,30.2,100.0,1.0,24.7457187,121.0847249
08BEAC245F3C,2023-06-30,00:28:26,30.6,89.0,1.0,24.639860153198,121.83334350585
08BEAC245B1C,2023-06-30,00:28:36,31.3,100.0,2.0,24.602338,120.77856
08BEAC245F4A,2023-06-30,00:28:43,31.1,100.0,2.0,24.5968,121.841078
08BEAC245C7A,2023-06-30,00:28:48,30.1,100.0,1.0,24.649751,120.9531952
08BEAC252C20,2023-06-30,00:29:04,28.5,100.0,0.0,24.574514,121.47802
08BEAC252838,2023-06-30,00:29:27,29.2,100.0,0.0,23.819479,121.473126
08BEAC245DA6,2023-06-30,00:30:15,29.5,100.0,1.0,23.4844262,120.4874326
08BEAC2529F6,2023-06-30,00:30:17,32.0,100.0,2.0,24.905624636868,121.04758657515
08BEAC245ED4,2023-06-30,00:30:20,31.1,100.0,1.0,24.61402,121.853386
08BEAC252820,2023-06-30,00:30:33,32.0,100.0,2.0,24.830241,121.0067357
08BEAC252AE2,2023-06-30,00:30:47,27.0,100.0,0.0,24.4373287,121.3807443
08BEAC2528CE,2023-06-30,00:31:11,30.2,99.0,1.0,24.7530748,121.7550418
08BEAC245D64,2023-06-30,00:31:17,30.3,88.0,2.0,24.62168,121.834905
08BEAC252B9A,2023-06-30,00:31:19,25.8,100.0,0.0,24.6250013,121.1482569
08BEAC252862,2023-06-30,00:31:22,31.3,100.0,3.0,24.780019,121.180754
08BEAC245E02,2023-06-30,00:31:40,30.5,83.0,2.0,24.686842,121.798426
08BEAC245CF6,2023-06-30,00:31:59,31.0,100.0,2.0,23.468906434845,120.46094857156
08BEAC245C4E,2023-06-30,00:32:25,28.2,100.0,0.0,24.374115,120.8436439
08BEAC252BA0,2023-06-30,00:32:52,29.8,100.0,0.0,24.6752335,121.0590723
08BEAC25291A,2023-06-30,00:32:54,31.8,100.0,1.0,24.9027334,120.9912667
08BEAC245F6A,2023-06-30,00:33:10,30.3,100.0,2.0,24.7457187,121.0847249
08BEAC245F3C,2023-06-30,00:33:41,30.6,89.0,1.0,24.639860153198,121.83334350585
08BEAC245B1C,2023-06-30,00:33:54,31.5,100.0,2.0,24.602338,120.77856
08BEAC245F4A,2023-06-30,00:34:01,31.0,100.0,2.0,24.5968,121.841078
08BEAC245C7A,2023-06-30,00:34:03,30.3,100.0,1.0,24.649751,120.9531952
08BEAC252C20,2023-06-30,00:34:18,28.7,100.0,0.0,24.574514,121.47802
08BEAC252838,2023-06-30,00:34:44,29.3,100.0,0.0,23.819479,121.473126
08BEAC245DA6,2023-06-30,00:35:30,29.6,100.0,1.0,23.4844262,120.4874326
08BEAC245ED4,2023-06-30,00:35:36,31.3,100.0,1.0,24.61402,121.853386
08BEAC2529F6,2023-06-30,00:35:38,32.1,100.0,2.0,24.905624636868,121.04758657515
08BEAC252820,2023-06-30,00:35:48,32.1,100.0,2.0,24.830241,121.0067357
08BEAC252AE2,2023-06-30,00:36:01,27.0,100.0,0.0,24.4373287,121.3807443
08BEAC2528CE,2023-06-30,00:36:25,30.3,99.0,1.0,24.7530748,121.7550418
08BEAC245D64,2023-06-30,00:36:32,30.3,88.0,2.0,24.62168,121.834905
08BEAC252B9A,2023-06-30,00:36:33,26.0,100.0,0.0,24.6250013,121.1482569
08BEAC252862,2023-06-30,00:36:38,31.5,100.0,3.0,24.780019,121.180754
08BEAC245E02,2023-06-30,00:36:54,30.3,83.0,2.0,24.686842,121.798426
08BEAC245CF6,2023-06-30,00:37:14,31.0,100.0,2.0,23.468906434845,120.46094857156
08BEAC245C4E,2023-06-30,00:37:40,28.3,100.0,0.0,24.374115,120.8436439
08BEAC252BA0,2023-06-30,00:38:06,29.8,100.0,0.0,24.6752335,121.0590723
08BEAC25291A,2023-06-30,00:38:10,31.8,100.0,2.0,24.9027334,120.9912667
08BEAC245F6A,2023-06-30,00:38:25,30.5,100.0,1.0,24.7457187,121.0847249
08BEAC245F3C,2023-06-30,00:38:58,30.6,88.0,1.0,24.639860153198,121.83334350585
08BEAC245F4A,2023-06-30,00:39:17,31.1,100.0,2.0,24.5968,121.841078
08BEAC245C7A,2023-06-30,00:39:19,30.3,100.0,1.0,24.649751,120.9531952
08BEAC252C20,2023-06-30,00:39:38,28.8,100.0,0.0,24.574514,121.47802
08BEAC252838,2023-06-30,00:40:00,29.5,100.0,0.0,23.819479,121.473126
08BEAC245DA6,2023-06-30,00:40:45,29.6,100.0,1.0,23.4844262,120.4874326
08BEAC245ED4,2023-06-30,00:40:51,31.3,100.0,1.0,24.61402,121.853386
08BEAC2529F6,2023-06-30,00:40:52,32.1,100.0,2.0,24.905624636868,121.04758657515
08BEAC252820,2023-06-30,00:41:02,32.2,100.0,2.0,24.830241,121.0067357
08BEAC252AE2,2023-06-30,00:41:17,27.0,100.0,0.0,24.4373287,121.3807443
08BEAC2528CE,2023-06-30,00:41:40,30.3,100.0,1.0,24.7530748,121.7550418
08BEAC245D64,2023-06-30,00:41:47,30.3,88.0,2.0,24.62168,121.834905
08BEAC252B9A,2023-06-30,00:41:49,26.2,100.0,1.0,24.6250013,121.1482569
08BEAC252862,2023-06-30,00:41:52,31.6,100.0,2.0,24.780019,121.180754
08BEAC245E02,2023-06-30,00:42:08,30.5,84.0,2.0,24.686842,121.798426
08BEAC245CF6,2023-06-30,00:42:29,30.8,100.0,2.0,23.468906434845,120.46094857156
08BEAC245C4E,2023-06-30,00:42:54,28.5,100.0,0.0,24.374115,120.8436439
08BEAC252BA0,2023-06-30,00:43:21,30.0,100.0,0.0,24.6752335,121.0590723
08BEAC25291A,2023-06-30,00:43:24,32.0,100.0,2.0,24.9027334,120.9912667
08BEAC245F6A,2023-06-30,00:43:39,30.8,100.0,1.0,24.7457187,121.0847249
08BEAC245F3C,2023-06-30,00:44:12,30.7,88.0,1.0,24.639860153198,121.83334350585
08BEAC245F4A,2023-06-30,00:44:32,31.3,100.0,2.0,24.5968,121.841078
08BEAC245C7A,2023-06-30,00:44:35,30.5,100.0,1.0,24.649751,120.9531952
08BEAC245B1C,2023-06-30,00:44:46,32.1,100.0,2.0,24.602338,120.77856
08BEAC252C20,2023-06-30,00:44:54,29.1,100.0,0.0,24.574514,121.47802
08BEAC252838,2023-06-30,00:45:20,29.6,100.0,0.0,23.819479,121.473126
08BEAC245DA6,2023-06-30,00:46:01,29.8,100.0,1.0,23.4844262,120.4874326
08BEAC245ED4,2023-06-30,00:46:06,31.2,100.0,2.0,24.61402,121.853386
08BEAC2529F6,2023-06-30,00:46:06,32.1,100.0,2.0,24.905624636868,121.04758657515
08BEAC252820,2023-06-30,00:46:18,32.3,100.0,2.0,24.830241,121.0067357
08BEAC252AE2,2023-06-30,00:46:33,26.8,100.0,0.0,24.4373287,121.3807443
08BEAC2528CE,2023-06-30,00:46:55,30.5,99.0,1.0,24.7530748,121.7550418
08BEAC245D64,2023-06-30,00:47:01,30.5,88.0,2.0,24.62168,121.834905
08BEAC252B9A,2023-06-30,00:47:03,26.3,100.0,1.0,24.6250013,121.1482569
08BEAC252862,2023-06-30,00:47:07,31.8,100.0,2.0,24.780019,121.180754
08BEAC245E02,2023-06-30,00:47:24,30.6,83.0,2.0,24.686842,121.798426
08BEAC245CF6,2023-06-30,00:47:45,31.0,100.0,2.0,23.468906434845,120.46094857156
08BEAC245C4E,2023-06-30,00:48:09,28.6,100.0,1.0,24.374115,120.8436439
08BEAC252BA0,2023-06-30,00:48:36,30.0,100.0,0.0,24.6752335,121.0590723
08BEAC25291A,2023-06-30,00:48:39,32.0,100.0,2.0,24.9027334,120.9912667
08BEAC245F6A,2023-06-30,00:48:53,31.2,100.0,1.0,24.7457187,121.0847249
08BEAC245F3C,2023-06-30,00:49:26,30.7,87.0,3.0,24.639860153198,121.83334350585
08BEAC245F4A,2023-06-30,00:49:47,31.3,100.0,2.0,24.5968,121.841078
08BEAC245C7A,2023-06-30,00:49:50,30.6,100.0,1.0,24.649751,120.9531952
08BEAC252C20,2023-06-30,00:50:11,29.3,100.0,0.0,24.574514,121.47802
08BEAC245B1C,2023-06-30,00:50:19,32.0,100.0,2.0,24.602338,120.77856
08BEAC252838,2023-06-30,00:50:37,29.7,100.0,0.0,23.819479,121.473126
08BEAC245DA6,2023-06-30,00:51:16,29.8,100.0,1.0,23.4844262,120.4874326
08BEAC245ED4,2023-06-30,00:51:21,31.5,100.0,2.0,24.61402,121.853386
08BEAC2529F6,2023-06-30,00:51:23,32.1,100.0,2.0,24.905624636868,121.04758657515
08BEAC252820,2023-06-30,00:51:32,32.5,100.0,2.0,24.830241,121.0067357
08BEAC252AE2,2023-06-30,00:51:47,26.7,100.0,0.0,24.4373287,121.3807443
08BEAC2528CE,2023-06-30,00:52:12,30.6,98.0,1.0,24.7530748,121.7550418
08BEAC245D64,2023-06-30,00:52:15,30.5,89.0,2.0,24.62168,121.834905
08BEAC252B9A,2023-06-30,00:52:18,26.6,100.0,1.0,24.6250013,121.1482569
08BEAC252862,2023-06-30,00:52:20,32.1,100.0,2.0,24.780019,121.180754
08BEAC245E02,2023-06-30,00:52:39,30.7,83.0,2.0,24.686842,121.798426
08BEAC245CF6,2023-06-30,00:52:59,31.0,100.0,2.0,23.468906434845,120.46094857156
08BEAC245C4E,2023-06-30,00:53:25,28.7,100.0,1.0,24.374115,120.8436439
08BEAC252BA0,2023-06-30,00:53:52,30.1,100.0,0.0,24.6752335,121.0590723
08BEAC25291A,2023-06-30,00:53:54,32.1,100.0,2.0,24.9027334,120.9912667
08BEAC245F6A,2023-06-30,00:54:07,31.5,100.0,1.0,24.7457187,121.0847249
08BEAC245F3C,2023-06-30,00:54:43,30.8,87.0,3.0,24.639860153198,121.83334350585
08BEAC245C7A,2023-06-30,00:55:05,30.7,100.0,1.0,24.649751,120.9531952
08BEAC245B1C,2023-06-30,00:55:33,31.8,100.0,2.0,24.602338,120.77856
08BEAC252C20,2023-06-30,00:55:45,29.3,100.0,0.0,24.574514,121.47802
08BEAC252838,2023-06-30,00:55:53,29.8,100.0,0.0,23.819479,121.473126
08BEAC245DA6,2023-06-30,00:56:36,30.0,100.0,1.0,23.4844262,120.4874326
08BEAC2529F6,2023-06-30,00:56:41,32.2,100.0,2.0,24.905624636868,121.04758657515
08BEAC245ED4,2023-06-30,00:56:45,31.5,100.0,2.0,24.61402,121.853386
08BEAC252820,2023-06-30,00:56:47,32.5,100.0,3.0,24.830241,121.0067357
08BEAC252AE2,2023-06-30,00:57:04,26.7,100.0,3.0,24.4373287,121.3807443
08BEAC245D64,2023-06-30,00:57:32,30.5,88.0,2.0,24.62168,121.834905
08BEAC252862,2023-06-30,00:57:36,32.5,100.0,1.0,24.780019,121.180754
08BEAC252B9A,2023-06-30,00:57:37,26.7,100.0,1.0,24.6250013,121.1482569
08BEAC2528CE,2023-06-30,00:57:44,30.7,95.0,1.0,24.7530748,121.7550418
08BEAC245E02,2023-06-30,00:57:52,30.7,82.0,2.0,24.686842,121.798426
08BEAC245CF6,2023-06-30,00:58:14,30.8,100.0,2.0,23.468906434845,120.46094857156
08BEAC245C4E,2023-06-30,00:58:43,28.8,100.0,1.0,24.374115,120.8436439
08BEAC252BA0,2023-06-30,00:59:05,30.1,100.0,0.0,24.6752335,121.0590723
08BEAC245F6A,2023-06-30,00:59:25,31.8,100.0,0.0,24.7457187,121.0847249
08BEAC245F3C,2023-06-30,01:00:01,30.8,87.0,2.0,24.639860153198,121.83334350585
08BEAC245C7A,2023-06-30,01:00:23,30.8,100.0,1.0,24.649751,120.9531952
08BEAC245F4A,2023-06-30,01:00:46,31.6,100.0,2.0,24.5968,121.841078
08BEAC245B1C,2023-06-30,01:00:58,31.8,100.0,2.0,24.602338,120.77856
08BEAC252C20,2023-06-30,01:00:59,29.6,100.0,0.0,24.574514,121.47802
08BEAC252838,2023-06-30,01:01:10,30.0,100.0,0.0,23.819479,121.473126
08BEAC245DA6,2023-06-30,01:01:51,30.0,100.0,1.0,23.4844262,120.4874326
08BEAC2529F6,2023-06-30,01:02:01,32.3,100.0,2.0,24.905624636868,121.04758657515
08BEAC252820,2023-06-30,01:02:03,32.5,100.0,3.0,24.830241,121.0067357
08BEAC245ED4,2023-06-30,01:02:04,31.6,100.0,2.0,24.61402,121.853386
08BEAC252AE2,2023-06-30,01:02:19,26.7,100.0,9.0,24.4373287,121.3807443
08BEAC245D64,2023-06-30,01:02:47,30.6,88.0,2.0,24.62168,121.834905
08BEAC252862,2023-06-30,01:02:51,32.7,100.0,1.0,24.780019,121.180754
08BEAC2528CE,2023-06-30,01:03:00,30.7,95.0,1.0,24.7530748,121.7550418
08BEAC245E02,2023-06-30,01:03:07,30.7,81.0,2.0,24.686842,121.798426
08BEAC245CF6,2023-06-30,01:03:30,31.0,100.0,3.0,23.468906434845,120.46094857156
08BEAC245C4E,2023-06-30,01:03:59,29.0,100.0,2.0,24.374115,120.8436439
08BEAC252BA0,2023-06-30,01:04:21,30.2,100.0,0.0,24.6752335,121.0590723
08BEAC245F6A,2023-06-30,01:04:39,32.1,100.0,1.0,24.7457187,121.0847249
08BEAC25291A,2023-06-30,01:04:51,32.1,100.0,2.0,24.9027334,120.9912667
08BEAC245F3C,2023-06-30,01:05:15,31.0,88.0,2.0,24.639860153198,121.83334350585
08BEAC245C7A,2023-06-30,01:05:38,31.0,100.0,1.0,24.649751,120.9531952
08BEAC245F4A,2023-06-30,01:06:02,31.7,100.0,2.0,24.5968,121.841078
08BEAC245B1C,2023-06-30,01:06:16,31.8,100.0,2.0,24.602338,120.77856
08BEAC252C20,2023-06-30,01:06:18,29.6,100.0,0.0,24.574514,121.47802
08BEAC252838,2023-06-30,01:06:25,30.0,100.0,0.0,23.819479,121.473126
08BEAC245DA6,2023-06-30,01:07:14,29.8,100.0,1.0,23.4844262,120.4874326
08BEAC252820,2023-06-30,01:07:17,32.6,100.0,3.0,24.830241,121.0067357
08BEAC2529F6,2023-06-30,01:07:18,32.2,100.0,2.0,24.905624636868,121.04758657515
08BEAC245ED4,2023-06-30,01:07:19,31.6,100.0,1.0,24.61402,121.853386
08BEAC252AE2,2023-06-30,01:07:40,26.7,100.0,14.0,24.4373287,121.3807443
08BEAC245D64,2023-06-30,01:08:01,30.6,88.0,2.0,24.62168,121.834905
08BEAC252B9A,2023-06-30,01:08:04,27.1,100.0,1.0,24.6250013,121.1482569
08BEAC2528CE,2023-06-30,01:08:15,31.0,96.0,1.0,24.7530748,121.7550418
08BEAC252862,2023-06-30,01:08:16,33.0,100.0,1.0,24.780019,121.180754
08BEAC245E02,2023-06-30,01:08:23,30.8,81.0,2.0,24.686842,121.798426
08BEAC245CF6,2023-06-30,01:08:46,30.8,100.0,2.0,23.468906434845,120.46094857156
08BEAC245C4E,2023-06-30,01:09:20,29.1,100.0,2.0,24.374115,120.8436439
08BEAC252BA0,2023-06-30,01:09:36,30.3,100.0,0.0,24.6752335,121.0590723
08BEAC245F6A,2023-06-30,01:09:56,32.2,100.0,1.0,24.7457187,121.0847249
08BEAC25291A,2023-06-30,01:10:08,32.1,100.0,2.0,24.9027334,120.9912667
08BEAC245F3C,2023-06-30,01:10:31,31.0,87.0,1.0,24.639860153198,121.83334350585
08BEAC245C7A,2023-06-30,01:10:54,31.1,100.0,1.0,24.649751,120.9531952
08BEAC245F4A,2023-06-30,01:11:23,31.5,100.0,2.0,24.5968,121.841078
08BEAC252C20,2023-06-30,01:11:40,29.8,100.0,0.0,24.574514,121.47802
08BEAC245B1C,2023-06-30,01:11:42,31.8,100.0,2.0,24.602338,120.77856
08BEAC252838,2023-06-30,01:11:45,30.1,100.0,0.0,23.819479,121.473126
08BEAC245DA6,2023-06-30,01:12:29,29.8,100.0,1.0,23.4844262,120.4874326
08BEAC245ED4,2023-06-30,01:12:33,31.5,100.0,1.0,24.61402,121.853386
08BEAC252820,2023-06-30,01:12:35,32.6,100.0,3.0,24.830241,121.0067357
08BEAC2529F6,2023-06-30,01:12:38,32.3,100.0,2.0,24.905624636868,121.04758657515
08BEAC252AE2,2023-06-30,01:12:57,26.7,100.0,2.0,24.4373287,121.3807443
08BEAC245D64,2023-06-30,01:13:17,30.7,88.0,2.0,24.62168,121.834905
08BEAC252862,2023-06-30,01:13:31,33.1,100.0,1.0,24.780019,121.180754
08BEAC2528CE,2023-06-30,01:13:35,30.8,96.0,1.0,24.7530748,121.7550418
08BEAC245E02,2023-06-30,01:13:40,30.8,81.0,2.0,24.686842,121.798426
08BEAC245CF6,2023-06-30,01:14:04,31.0,100.0,3.0,23.468906434845,120.46094857156
08BEAC252B9A,2023-06-30,01:14:26,27.3,100.0,1.0,24.6250013,121.1482569
08BEAC245C4E,2023-06-30,01:14:35,29.3,100.0,2.0,24.374115,120.8436439
08BEAC252BA0,2023-06-30,01:14:50,30.5,100.0,0.0,24.6752335,121.0590723
08BEAC245F6A,2023-06-30,01:15:12,32.5,100.0,1.0,24.7457187,121.0847249
08BEAC25291A,2023-06-30,01:15:29,32.1,100.0,2.0,24.9027334,120.9912667
08BEAC245F3C,2023-06-30,01:15:54,31.1,87.0,1.0,24.639860153198,121.83334350585
08BEAC245C7A,2023-06-30,01:16:11,31.2,100.0,1.0,24.649751,120.9531952
08BEAC245F4A,2023-06-30,01:16:39,31.3,100.0,2.0,24.5968,121.841078
08BEAC252C20,2023-06-30,01:16:58,30.0,100.0,0.0,24.574514,121.47802
08BEAC245B1C,2023-06-30,01:17:01,32.0,100.0,2.0,24.602338,120.77856
08BEAC252838,2023-06-30,01:17:04,30.2,100.0,0.0,23.819479,121.473126
08BEAC245DA6,2023-06-30,01:17:47,29.8,100.0,1.0,23.4844262,120.4874326
08BEAC245ED4,2023-06-30,01:17:48,31.7,100.0,1.0,24.61402,121.853386
08BEAC252820,2023-06-30,01:17:52,32.6,100.0,3.0,24.830241,121.0067357
08BEAC2529F6,2023-06-30,01:17:54,32.6,100.0,2.0,24.905624636868,121.04758657515
08BEAC252AE2,2023-06-30,01:18:11,26.7,100.0,0.0,24.4373287,121.3807443
08BEAC245D64,2023-06-30,01:18:36,30.6,87.0,2.0,24.62168,121.834905
08BEAC252862,2023-06-30,01:18:46,33.2,100.0,1.0,24.780019,121.180754
08BEAC2528CE,2023-06-30,01:18:53,31.0,96.0,1.0,24.7530748,121.7550418
08BEAC245E02,2023-06-30,01:18:54,31.0,81.0,2.0,24.686842,121.798426
08BEAC245CF6,2023-06-30,01:19:19,31.1,100.0,3.0,23.468906434845,120.46094857156
08BEAC252B9A,2023-06-30,01:19:44,27.6,100.0,1.0,24.6250013,121.1482569
08BEAC245C4E,2023-06-30,01:19:52,29.3,100.0,2.0,24.374115,120.8436439
08BEAC252BA0,2023-06-30,01:20:08,30.5,100.0,0.0,24.6752335,121.0590723
08BEAC245F6A,2023-06-30,01:20:36,32.5,100.0,0.0,24.7457187,121.0847249
08BEAC25291A,2023-06-30,01:20:44,32.1,100.0,2.0,24.9027334,120.9912667
08BEAC245F3C,2023-06-30,01:21:14,31.1,87.0,1.0,24.639860153198,121.83334350585
08BEAC245C7A,2023-06-30,01:21:33,31.2,100.0,2.0,24.649751,120.9531952
08BEAC245F4A,2023-06-30,01:21:55,31.3,100.0,2.0,24.5968,121.841078
08BEAC252C20,2023-06-30,01:22:13,30.1,100.0,0.0,24.574514,121.47802
08BEAC245B1C,2023-06-30,01:22:16,32.0,100.0,2.0,24.602338,120.77856
08BEAC252838,2023-06-30,01:22:21,30.3,100.0,0.0,23.819479,121.473126
08BEAC245DA6,2023-06-30,01:23:01,30.0,100.0,1.0,23.4844262,120.4874326
08BEAC2529F6,2023-06-30,01:23:09,32.8,100.0,2.0,24.905624636868,121.04758657515
08BEAC245ED4,2023-06-30,01:23:10,31.8,100.0,1.0,24.61402,121.853386
08BEAC252820,2023-06-30,01:23:16,32.7,100.0,3.0,24.830241,121.0067357
08BEAC252AE2,2023-06-30,01:23:28,26.8,100.0,1.0,24.4373287,121.3807443
08BEAC245D64,2023-06-30,01:23:57,30.6,88.0,2.0,24.62168,121.834905
08BEAC252862,2023-06-30,01:24:02,33.3,100.0,1.0,24.780019,121.180754
08BEAC245E02,2023-06-30,01:24:11,31.1,82.0,2.0,24.686842,121.798426
08BEAC2528CE,2023-06-30,01:24:12,31.1,95.0,1.0,24.7530748,121.7550418
08BEAC245CF6,2023-06-30,01:24:38,31.1,100.0,3.0,23.468906434845,120.46094857156
08BEAC252B9A,2023-06-30,01:25:07,27.8,100.0,1.0,24.6250013,121.1482569
08BEAC245C4E,2023-06-30,01:25:08,29.3,100.0,2.0,24.374115,120.8436439
08BEAC252BA0,2023-06-30,01:25:27,30.6,100.0,0.0,24.6752335,121.0590723
08BEAC245F6A,2023-06-30,01:25:50,32.7,100.0,1.0,24.7457187,121.0847249
08BEAC25291A,2023-06-30,01:26:00,32.1,100.0,2.0,24.9027334,120.9912667
08BEAC245F3C,2023-06-30,01:26:31,31.1,87.0,1.0,24.639860153198,121.83334350585
08BEAC245C7A,2023-06-30,01:26:49,31.3,100.0,2.0,24.649751,120.9531952
08BEAC245F4A,2023-06-30,01:27:16,31.7,100.0,2.0,24.5968,121.841078
08BEAC245B1C,2023-06-30,01:27:32,32.1,100.0,2.0,24.602338,120.77856
08BEAC252C20,2023-06-30,01:27:32,30.2,100.0,0.0,24.574514,121.47802
08BEAC252838,2023-06-30,01:27:39,30.5,100.0,0.0,23.819479,121.473126
08BEAC245DA6,2023-06-30,01:28:19,30.0,100.0,1.0,23.4844262,120.4874326
08BEAC2529F6,2023-06-30,01:28:23,32.8,100.0,2.0,24.905624636868,121.04758657515
08BEAC245ED4,2023-06-30,01:28:31,32.0,100.0,1.0,24.61402,121.853386
08BEAC252820,2023-06-30,01:28:37,32.7,100.0,3.0,24.830241,121.0067357
08BEAC252AE2,2023-06-30,01:28:43,26.7,100.0,1.0,24.4373287,121.3807443
08BEAC245D64,2023-06-30,01:29:11,30.7,88.0,2.0,24.62168,121.834905
08BEAC252862,2023-06-30,01:29:16,33.5,100.0,1.0,24.780019,121.180754
08BEAC245E02,2023-06-30,01:29:32,31.2,81.0,2.0,24.686842,121.798426
08BEAC2528CE,2023-06-30,01:29:33,31.2,94.0,2.0,24.7530748,121.7550418
08BEAC245CF6,2023-06-30,01:29:53,31.1,100.0,3.0,23.468906434845,120.46094857156
08BEAC252B9A,2023-06-30,01:30:22,28.0,100.0,1.0,24.6250013,121.1482569
08BEAC245C4E,2023-06-30,01:30:23,29.1,100.0,3.0,24.374115,120.8436439
08BEAC252BA0,2023-06-30,01:30:43,30.6,100.0,0.0,24.6752335,121.0590723
08BEAC245F6A,2023-06-30,01:31:04,32.7,100.0,1.0,24.7457187,121.0847249
08BEAC25291A,2023-06-30,01:31:16,32.1,100.0,2.0,24.9027334,120.9912667
08BEAC245F3C,2023-06-30,01:31:46,31.2,86.0,2.0,24.639860153198,121.83334350585
08BEAC245C7A,2023-06-30,01:32:05,31.3,100.0,2.0,24.649751,120.9531952
08BEAC245F4A,2023-06-30,01:32:33,31.6,100.0,2.0,24.5968,121.841078
08BEAC245B1C,2023-06-30,01:32:47,32.2,100.0,2.0,24.602338,120.77856
08BEAC252C20,2023-06-30,01:32:48,30.3,100.0,0.0,24.574514,121.47802
08BEAC252838,2023-06-30,01:32:55,30.5,100.0,0.0,23.819479,121.473126
08BEAC245DA6,2023-06-30,01:33:34,30.0,100.0,1.0,23.4844262,120.4874326
08BEAC2529F6,2023-06-30,01:33:40,32.7,100.0,2.0,24.905624636868,121.04758657515
08BEAC245ED4,2023-06-30,01:33:47,32.1,100.0,1.0,24.61402,121.853386
08BEAC252820,2023-06-30,01:33:53,32.8,100.0,3.0,24.830241,121.0067357
08BEAC252AE2,2023-06-30,01:33:57,26.7,100.0,1.0,24.4373287,121.3807443
08BEAC245D64,2023-06-30,01:34:25,30.8,87.0,2.0,24.62168,121.834905
08BEAC252862,2023-06-30,01:34:30,33.5,100.0,1.0,24.780019,121.180754
08BEAC245E02,2023-06-30,01:34:45,31.3,81.0,2.0,24.686842,121.798426
08BEAC2528CE,2023-06-30,01:34:49,31.2,94.0,2.0,24.7530748,121.7550418
08BEAC245CF6,2023-06-30,01:35:08,31.2,100.0,3.0,23.468906434845,120.46094857156
08BEAC252B9A,2023-06-30,01:35:37,28.2,100.0,1.0,24.6250013,121.1482569
08BEAC245C4E,2023-06-30,01:35:38,29.1,100.0,3.0,24.374115,120.8436439
08BEAC252BA0,2023-06-30,01:35:59,30.6,100.0,0.0,24.6752335,121.0590723
08BEAC245F6A,2023-06-30,01:36:20,32.7,100.0,0.0,24.7457187,121.0847249
08BEAC25291A,2023-06-30,01:36:32,32.1,100.0,2.0,24.9027334,120.9912667
08BEAC245F3C,2023-06-30,01:37:00,31.2,87.0,1.0,24.639860153198,121.83334350585
08BEAC245C7A,2023-06-30,01:37:19,31.5,100.0,2.0,24.649751,120.9531952
08BEAC245F4A,2023-06-30,01:37:47,31.6,100.0,2.0,24.5968,121.841078
08BEAC252C20,2023-06-30,01:38:04,30.5,100.0,0.0,24.574514,121.47802
08BEAC245B1C,2023-06-30,01:38:14,32.5,100.0,2.0,24.602338,120.77856
08BEAC245DA6,2023-06-30,01:38:49,30.1,100.0,1.0,23.4844262,120.4874326
08BEAC2529F6,2023-06-30,01:38:57,32.8,100.0,2.0,24.905624636868,121.04758657515
08BEAC245ED4,2023-06-30,01:39:04,32.2,100.0,1.0,24.61402,121.853386
08BEAC252820,2023-06-30,01:39:08,32.8,100.0,3.0,24.830241,121.0067357
08BEAC252AE2,2023-06-30,01:39:11,26.7,100.0,0.0,24.4373287,121.3807443
08BEAC245D64,2023-06-30,01:39:41,30.8,87.0,2.0,24.62168,121.834905
08BEAC252862,2023-06-30,01:39:45,33.5,100.0,1.0,24.780019,121.180754
08BEAC245E02,2023-06-30,01:40:04,31.5,80.0,2.0,24.686842,121.798426
08BEAC2528CE,2023-06-30,01:40:06,31.5,94.0,2.0,24.7530748,121.7550418
08BEAC245CF6,2023-06-30,01:40:22,31.2,100.0,2.0,23.468906434845,120.46094857156
08BEAC252B9A,2023-06-30,01:40:52,28.5,100.0,2.0,24.6250013,121.1482569
08BEAC245C4E,2023-06-30,01:40:53,29.2,100.0,3.0,24.374115,120.8436439
08BEAC252BA0,2023-06-30,01:41:14,30.7,100.0,0.0,24.6752335,121.0590723
08BEAC245F6A,2023-06-30,01:41:34,32.6,100.0,1.0,24.7457187,121.0847249
08BEAC25291A,2023-06-30,01:41:46,32.2,100.0,2.0,24.9027334,120.9912667
08BEAC245F3C,2023-06-30,01:42:17,31.2,86.0,1.0,24.639860153198,121.83334350585
08BEAC245C7A,2023-06-30,01:42:33,31.5,100.0,2.0,24.649751,120.9531952
08BEAC245F4A,2023-06-30,01:43:03,32.0,100.0,2.0,24.5968,121.841078
08BEAC252838,2023-06-30,01:43:21,30.7,100.0,0.0,23.819479,121.473126
08BEAC252C20,2023-06-30,01:43:21,30.6,100.0,0.0,24.574514,121.47802
08BEAC245B1C,2023-06-30,01:43:31,32.6,100.0,2.0,24.602338,120.77856
08BEAC245DA6,2023-06-30,01:44:03,30.2,100.0,1.0,23.4844262,120.4874326
08BEAC2529F6,2023-06-30,01:44:11,32.7,100.0,2.0,24.905624636868,121.04758657515
08BEAC245ED4,2023-06-30,01:44:18,32.3,100.0,1.0,24.61402,121.853386
08BEAC252820,2023-06-30,01:44:22,32.8,100.0,3.0,24.830241,121.0067357
08BEAC252AE2,2023-06-30,01:44:26,26.6,100.0,1.0,24.4373287,121.3807443
08BEAC245D64,2023-06-30,01:44:59,30.8,86.0,2.0,24.62168,121.834905
08BEAC252862,2023-06-30,01:44:59,33.3,100.0,1.0,24.780019,121.180754
08BEAC2528CE,2023-06-30,01:45:23,31.5,93.0,2.0,24.7530748,121.7550418
08BEAC245CF6,2023-06-30,01:45:38,31.3,100.0,2.0,23.468906434845,120.46094857156
08BEAC252B9A,2023-06-30,01:46:06,28.6,100.0,1.0,24.6250013,121.1482569
08BEAC245C4E,2023-06-30,01:46:09,29.3,100.0,3.0,24.374115,120.8436439
08BEAC252BA0,2023-06-30,01:46:30,30.7,100.0,0.0,24.6752335,121.0590723
08BEAC245F6A,2023-06-30,01:46:49,32.8,100.0,1.0,24.7457187,121.0847249
08BEAC25291A,2023-06-30,01:47:02,32.2,100.0,2.0,24.9027334,120.9912667
08BEAC245F3C,2023-06-30,01:47:32,31.2,86.0,1.0,24.639860153198,121.83334350585
08BEAC245C7A,2023-06-30,01:47:49,31.6,100.0,2.0,24.649751,120.9531952
08BEAC245F4A,2023-06-30,01:48:18,31.8,100.0,2.0,24.5968,121.841078
08BEAC252C20,2023-06-30,01:48:36,30.7,100.0,1.0,24.574514,121.47802
08BEAC252838,2023-06-30,01:48:37,30.8,100.0,0.0,23.819479,121.473126
08BEAC245B1C,2023-06-30,01:48:45,32.7,100.0,2.0,24.602338,120.77856
08BEAC245DA6,2023-06-30,01:49:17,30.1,100.0,1.0,23.4844262,120.4874326
08BEAC2529F6,2023-06-30,01:49:27,32.7,100.0,2.0,24.905624636868,121.04758657515
08BEAC245ED4,2023-06-30,01:49:34,32.5,100.0,1.0,24.61402,121.853386
08BEAC252820,2023-06-30,01:49:37,32.8,100.0,3.0,24.830241,121.0067357
08BEAC252AE2,2023-06-30,01:49:42,26.7,100.0,0.0,24.4373287,121.3807443
08BEAC245D64,2023-06-30,01:50:14,30.8,87.0,2.0,24.62168,121.834905
08BEAC252862,2023-06-30,01:50:15,33.2,100.0,1.0,24.780019,121.180754
08BEAC245E02,2023-06-30,01:50:30,31.3,80.0,2.0,24.686842,121.798426
08BEAC2528CE,2023-06-30,01:50:37,31.6,92.0,2.0,24.7530748,121.7550418
08BEAC245CF6,2023-06-30,01:50:59,31.5,100.0,2.0,23.468906434845,120.46094857156
08BEAC252B9A,2023-06-30,01:51:22,28.8,100.0,1.0,24.6250013,121.1482569
08BEAC245C4E,2023-06-30,01:51:23,29.5,100.0,3.0,24.374115,120.8436439
08BEAC252BA0,2023-06-30,01:51:45,30.8,100.0,0.0,24.6752335,121.0590723
08BEAC245F6A,2023-06-30,01:52:05,33.2,100.0,1.0,24.7457187,121.0847249
08BEAC25291A,2023-06-30,01:52:16,32.2,100.0,2.0,24.9027334,120.9912667
08BEAC245F3C,2023-06-30,01:52:46,31.2,85.0,2.0,24.639860153198,121.83334350585
08BEAC245C7A,2023-06-30,01:53:04,31.6,100.0,2.0,24.649751,120.9531952
08BEAC245F4A,2023-06-30,01:53:37,31.6,100.0,2.0,24.5968,121.841078
08BEAC252C20,2023-06-30,01:53:55,30.6,100.0,2.0,24.574514,121.47802
08BEAC252838,2023-06-30,01:53:57,30.8,100.0,0.0,23.819479,121.473126
08BEAC245B1C,2023-06-30,01:54:11,32.7,100.0,2.0,24.602338,120.77856
08BEAC245DA6,2023-06-30,01:54:32,30.2,100.0,1.0,23.4844262,120.4874326
08BEAC2529F6,2023-06-30,01:54:44,32.7,100.0,2.0,24.905624636868,121.04758657515
08BEAC245ED4,2023-06-30,01:54:49,32.6,100.0,1.0,24.61402,121.853386
08BEAC252820,2023-06-30,01:54:55,33.0,100.0,3.0,24.830241,121.0067357
08BEAC252AE2,2023-06-30,01:54:57,26.7,100.0,0.0,24.4373287,121.3807443
08BEAC245D64,2023-06-30,01:55:29,30.8,87.0,2.0,24.62168,121.834905
08BEAC245E02,2023-06-30,01:55:45,31.3,80.0,2.0,24.686842,121.798426
08BEAC2528CE,2023-06-30,01:55:54,31.7,92.0,2.0,24.7530748,121.7550418
08BEAC245CF6,2023-06-30,01:56:19,31.6,100.0,3.0,23.468906434845,120.46094857156
08BEAC245C4E,2023-06-30,01:56:40,29.6,100.0,3.0,24.374115,120.8436439
08BEAC252B9A,2023-06-30,01:56:40,29.0,100.0,1.0,24.6250013,121.1482569
08BEAC252BA0,2023-06-30,01:57:02,31.0,100.0,0.0,24.6752335,121.0590723
08BEAC245F6A,2023-06-30,01:57:22,33.1,100.0,1.0,24.7457187,121.0847249
08BEAC25291A,2023-06-30,01:57:33,32.2,100.0,2.0,24.9027334,120.9912667
08BEAC245F3C,2023-06-30,01:58:01,31.2,85.0,2.0,24.639860153198,121.83334350585
08BEAC245C7A,2023-06-30,01:58:18,31.7,100.0,3.0,24.649751,120.9531952
08BEAC245F4A,2023-06-30,01:58:53,31.6,100.0,2.0,24.5968,121.841078
08BEAC252838,2023-06-30,01:59:13,31.0,100.0,1.0,23.819479,121.473126
08BEAC245B1C,2023-06-30,01:59:25,32.7,100.0,2.0,24.602338,120.77856
08BEAC245DA6,2023-06-30,01:59:48,30.3,100.0,1.0,23.4844262,120.4874326
08BEAC2529F6,2023-06-30,02:00:02,32.7,100.0,2.0,24.905624636868,121.04758657515
08BEAC245ED4,2023-06-30,02:00:05,32.7,100.0,1.0,24.61402,121.853386
08BEAC252820,2023-06-30,02:00:10,33.0,100.0,3.0,24.830241,121.0067357
08BEAC252AE2,2023-06-30,02:00:12,27.0,100.0,0.0,24.4373287,121.3807443
08BEAC252862,2023-06-30,02:00:41,33.0,100.0,1.0,24.780019,121.180754
08BEAC245D64,2023-06-30,02:00:48,31.0,86.0,2.0,24.62168,121.834905
08BEAC245E02,2023-06-30,02:01:03,31.5,81.0,2.0,24.686842,121.798426
08BEAC2528CE,2023-06-30,02:01:10,31.7,92.0,2.0,24.7530748,121.7550418
08BEAC245CF6,2023-06-30,02:01:33,31.7,100.0,3.0,23.468906434845,120.46094857156
08BEAC245C4E,2023-06-30,02:01:55,29.8,100.0,4.0,24.374115,120.8436439
08BEAC252B9A,2023-06-30,02:01:58,29.2,100.0,1.0,24.6250013,121.1482569
08BEAC252BA0,2023-06-30,02:02:19,31.0,100.0,0.0,24.6752335,121.0590723
08BEAC245F6A,2023-06-30,02:02:40,33.0,100.0,1.0,24.7457187,121.0847249
08BEAC25291A,2023-06-30,02:02:47,32.3,100.0,2.0,24.9027334,120.9912667
08BEAC245F3C,2023-06-30,02:03:19,31.2,86.0,1.0,24.639860153198,121.83334350585
08BEAC245C7A,2023-06-30,02:03:34,31.7,100.0,3.0,24.649751,120.9531952
08BEAC245F4A,2023-06-30,02:04:09,31.6,100.0,2.0,24.5968,121.841078
08BEAC252838,2023-06-30,02:04:29,31.1,100.0,1.0,23.819479,121.473126
08BEAC245B1C,2023-06-30,02:04:41,32.7,100.0,2.0,24.602338,120.77856
08BEAC252C20,2023-06-30,02:05:00,31.3,100.0,1.0,24.574514,121.47802
08BEAC245DA6,2023-06-30,02:05:04,30.3,100.0,1.0,23.4844262,120.4874326
08BEAC2529F6,2023-06-30,02:05:20,32.7,100.0,2.0,24.905624636868,121.04758657515
08BEAC245ED4,2023-06-30,02:05:22,32.7,100.0,1.0,24.61402,121.853386
08BEAC252820,2023-06-30,02:05:27,33.0,100.0,3.0,24.830241,121.0067357
08BEAC252AE2,2023-06-30,02:05:29,27.1,100.0,0.0,24.4373287,121.3807443
08BEAC252862,2023-06-30,02:06:02,33.1,100.0,1.0,24.780019,121.180754
08BEAC245D64,2023-06-30,02:06:03,31.0,87.0,2.0,24.62168,121.834905
08BEAC245E02,2023-06-30,02:06:17,31.6,81.0,1.0,24.686842,121.798426
08BEAC2528CE,2023-06-30,02:06:31,31.8,92.0,2.0,24.7530748,121.7550418
08BEAC245CF6,2023-06-30,02:06:52,32.0,100.0,3.0,23.468906434845,120.46094857156
08BEAC245C4E,2023-06-30,02:07:11,29.8,100.0,3.0,24.374115,120.8436439
08BEAC252B9A,2023-06-30,02:07:16,29.2,100.0,1.0,24.6250013,121.1482569
08BEAC252BA0,2023-06-30,02:07:36,31.0,100.0,0.0,24.6752335,121.0590723
08BEAC245F6A,2023-06-30,02:07:56,33.0,100.0,1.0,24.7457187,121.0847249
08BEAC25291A,2023-06-30,02:08:05,32.3,100.0,2.0,24.9027334,120.9912667
08BEAC245F3C,2023-06-30,02:08:33,31.3,86.0,2.0,24.639860153198,121.83334350585
08BEAC245C7A,2023-06-30,02:08:50,31.8,100.0,3.0,24.649751,120.9531952
08BEAC245F4A,2023-06-30,02:09:25,31.7,100.0,2.0,24.5968,121.841078
08BEAC252838,2023-06-30,02:09:47,31.0,100.0,1.0,23.819479,121.473126
08BEAC245B1C,2023-06-30,02:09:56,32.8,100.0,2.0,24.602338,120.77856
08BEAC252C20,2023-06-30,02:10:15,31.3,100.0,1.0,24.574514,121.47802
08BEAC245DA6,2023-06-30,02:10:18,30.3,100.0,1.0,23.4844262,120.4874326
08BEAC245ED4,2023-06-30,02:10:37,32.8,100.0,1.0,24.61402,121.853386
08BEAC252820,2023-06-30,02:10:42,33.1,100.0,3.0,24.830241,121.0067357
08BEAC252AE2,2023-06-30,02:10:45,27.2,100.0,0.0,24.4373287,121.3807443
08BEAC245D64,2023-06-30,02:11:17,31.1,86.0,2.0,24.62168,121.834905
08BEAC252862,2023-06-30,02:11:20,33.3,100.0,1.0,24.780019,121.180754
08BEAC245E02,2023-06-30,02:11:31,31.5,79.0,1.0,24.686842,121.798426
08BEAC2528CE,2023-06-30,02:11:45,32.0,92.0,2.0,24.7530748,121.7550418
08BEAC245CF6,2023-06-30,02:12:09,32.1,100.0,2.0,23.468906434845,120.46094857156
08BEAC245C4E,2023-06-30,02:12:26,29.8,100.0,3.0,24.374115,120.8436439
08BEAC252B9A,2023-06-30,02:12:36,29.3,100.0,1.0,24.6250013,121.1482569
08BEAC252BA0,2023-06-30,02:12:53,31.0,100.0,0.0,24.6752335,121.0590723
08BEAC245F6A,2023-06-30,02:13:24,33.1,100.0,1.0,24.7457187,121.0847249
08BEAC25291A,2023-06-30,02:13:25,32.3,100.0,2.0,24.9027334,120.9912667
08BEAC245F3C,2023-06-30,02:13:48,31.5,87.0,2.0,24.639860153198,121.83334350585
08BEAC245C7A,2023-06-30,02:14:04,31.8,100.0,3.0,24.649751,120.9531952
08BEAC245F4A,2023-06-30,02:14:47,31.6,100.0,1.0,24.5968,121.841078
08BEAC252838,2023-06-30,02:15:04,31.0,100.0,1.0,23.819479,121.473126
08BEAC245B1C,2023-06-30,02:15:24,32.7,100.0,2.0,24.602338,120.77856
08BEAC252C20,2023-06-30,02:15:33,31.6,100.0,1.0,24.574514,121.47802
08BEAC245DA6,2023-06-30,02:15:34,30.3,100.0,1.0,23.4844262,120.4874326
08BEAC245ED4,2023-06-30,02:15:55,33.0,100.0,1.0,24.61402,121.853386
08BEAC252820,2023-06-30,02:15:59,33.1,100.0,4.0,24.830241,121.0067357
08BEAC252AE2,2023-06-30,02:16:02,27.1,100.0,0.0,24.4373287,121.3807443
08BEAC245D64,2023-06-30,02:16:32,31.3,83.0,2.0,24.62168,121.834905
08BEAC252862,2023-06-30,02:16:34,33.2,100.0,1.0,24.780019,121.180754
08BEAC245E02,2023-06-30,02:16:45,31.5,80.0,1.0,24.686842,121.798426
08BEAC2528CE,2023-06-30,02:17:07,32.1,93.0,2.0,24.7530748,121.7550418
08BEAC245CF6,2023-06-30,02:17:23,32.3,100.0,3.0,23.468906434845,120.46094857156
08BEAC245C4E,2023-06-30,02:17:43,29.7,100.0,3.0,24.374115,120.8436439
08BEAC252B9A,2023-06-30,02:17:51,29.5,100.0,1.0,24.6250013,121.1482569
08BEAC252BA0,2023-06-30,02:18:07,31.1,100.0,1.0,24.6752335,121.0590723
08BEAC245F6A,2023-06-30,02:18:39,33.2,100.0,1.0,24.7457187,121.0847249
08BEAC25291A,2023-06-30,02:18:41,32.5,100.0,2.0,24.9027334,120.9912667
08BEAC245F3C,2023-06-30,02:19:12,31.6,86.0,2.0,24.639860153198,121.83334350585
08BEAC245C7A,2023-06-30,02:19:23,32.0,100.0,3.0,24.649751,120.9531952
08BEAC245F4A,2023-06-30,02:20:03,31.6,100.0,2.0,24.5968,121.841078
08BEAC252838,2023-06-30,02:20:20,31.1,100.0,1.0,23.819479,121.473126
08BEAC245B1C,2023-06-30,02:20:41,32.8,100.0,2.0,24.602338,120.77856
08BEAC252C20,2023-06-30,02:20:47,31.6,100.0,1.0,24.574514,121.47802
08BEAC245DA6,2023-06-30,02:21:01,30.5,100.0,1.0,23.4844262,120.4874326
08BEAC245ED4,2023-06-30,02:21:09,33.1,100.0,1.0,24.61402,121.853386
08BEAC252820,2023-06-30,02:21:21,33.0,100.0,3.0,24.830241,121.0067357
08BEAC252AE2,2023-06-30,02:21:26,27.0,100.0,0.0,24.4373287,121.3807443
08BEAC252862,2023-06-30,02:21:50,33.5,100.0,1.0,24.780019,121.180754
08BEAC245D64,2023-06-30,02:21:56,31.5,85.0,2.0,24.62168,121.834905
08BEAC245E02,2023-06-30,02:22:02,31.5,80.0,2.0,24.686842,121.798426
08BEAC2528CE,2023-06-30,02:22:23,32.1,95.0,2.0,24.7530748,121.7550418
08BEAC245CF6,2023-06-30,02:22:40,32.3,100.0,3.0,23.468906434845,120.46094857156
08BEAC245C4E,2023-06-30,02:22:59,30.0,100.0,3.0,24.374115,120.8436439
08BEAC252B9A,2023-06-30,02:23:06,29.6,100.0,1.0,24.6250013,121.1482569
08BEAC252BA0,2023-06-30,02:23:24,31.1,100.0,1.0,24.6752335,121.0590723
08BEAC245F6A,2023-06-30,02:23:58,33.3,100.0,2.0,24.7457187,121.0847249
08BEAC25291A,2023-06-30,02:24:00,32.5,100.0,2.0,24.9027334,120.9912667
08BEAC245F3C,2023-06-30,02:24:27,31.6,87.0,2.0,24.639860153198,121.83334350585
08BEAC245C7A,2023-06-30,02:24:40,32.0,100.0,3.0,24.649751,120.9531952
08BEAC245F4A,2023-06-30,02:25:23,31.6,100.0,1.0,24.5968,121.841078
08BEAC252838,2023-06-30,02:25:34,31.3,100.0,1.0,23.819479,121.473126
08BEAC245B1C,2023-06-30,02:25:56,32.7,100.0,2.0,24.602338,120.77856
08BEAC252C20,2023-06-30,02:26:04,31.6,100.0,1.0,24.574514,121.47802
08BEAC245DA6,2023-06-30,02:26:16,30.5,100.0,1.0,23.4844262,120.4874326
08BEAC245ED4,2023-06-30,02:26:24,33.2,100.0,1.0,24.61402,121.853386
08BEAC252AE2,2023-06-30,02:26:43,26.6,100.0,0.0,24.4373287,121.3807443
08BEAC252820,2023-06-30,02:26:46,33.0,100.0,3.0,24.830241,121.0067357
08BEAC252862,2023-06-30,02:27:09,33.2,100.0,1.0,24.780019,121.180754
08BEAC245E02,2023-06-30,02:27:18,31.6,80.0,1.0,24.686842,121.798426
08BEAC245D64,2023-06-30,02:27:20,31.5,84.0,2.0,24.62168,121.834905
08BEAC2528CE,2023-06-30,02:27:37,32.1,96.0,2.0,24.7530748,121.7550418
08BEAC245CF6,2023-06-30,02:27:56,32.5,100.0,2.0,23.468906434845,120.46094857156
08BEAC245C4E,2023-06-30,02:28:17,29.8,100.0,3.0,24.374115,120.8436439
08BEAC252B9A,2023-06-30,02:28:21,29.7,100.0,1.0,24.6250013,121.1482569
08BEAC252BA0,2023-06-30,02:28:47,31.1,100.0,1.0,24.6752335,121.0590723
08BEAC25291A,2023-06-30,02:29:18,32.6,100.0,2.0,24.9027334,120.9912667
08BEAC245F6A,2023-06-30,02:29:22,33.2,100.0,2.0,24.7457187,121.0847249
08BEAC245F3C,2023-06-30,02:29:46,31.7,85.0,2.0,24.639860153198,121.83334350585
08BEAC245C7A,2023-06-30,02:29:56,32.1,100.0,3.0,24.649751,120.9531952
08BEAC245F4A,2023-06-30,02:30:38,31.8,100.0,1.0,24.5968,121.841078
08BEAC252838,2023-06-30,02:30:50,31.3,100.0,1.0,23.819479,121.473126
08BEAC245B1C,2023-06-30,02:31:11,32.6,100.0,3.0,24.602338,120.77856
08BEAC252C20,2023-06-30,02:31:22,31.5,100.0,1.0,24.574514,121.47802
08BEAC245DA6,2023-06-30,02:31:31,30.6,100.0,1.0,23.4844262,120.4874326
08BEAC245ED4,2023-06-30,02:31:38,33.3,100.0,1.0,24.61402,121.853386
08BEAC252AE2,2023-06-30,02:31:58,26.7,100.0,0.0,24.4373287,121.3807443
08BEAC252820,2023-06-30,02:32:02,33.1,100.0,3.0,24.830241,121.0067357
08BEAC252862,2023-06-30,02:32:22,33.0,100.0,1.0,24.780019,121.180754
08BEAC245D64,2023-06-30,02:32:34,31.5,84.0,2.0,24.62168,121.834905
08BEAC245E02,2023-06-30,02:32:34,31.5,79.0,2.0,24.686842,121.798426
08BEAC2528CE,2023-06-30,02:32:53,32.2,95.0,3.0,24.7530748,121.7550418
08BEAC245CF6,2023-06-30,02:33:11,32.6,100.0,3.0,23.468906434845,120.46094857156
08BEAC245C4E,2023-06-30,02:33:32,29.8,100.0,3.0,24.374115,120.8436439
08BEAC252B9A,2023-06-30,02:33:35,29.8,100.0,1.0,24.6250013,121.1482569
08BEAC252BA0,2023-06-30,02:34:02,31.1,100.0,1.0,24.6752335,121.0590723
08BEAC25291A,2023-06-30,02:34:33,32.6,100.0,2.0,24.9027334,120.9912667
08BEAC245F6A,2023-06-30,02:34:36,32.8,100.0,2.0,24.7457187,121.0847249
08BEAC245F3C,2023-06-30,02:35:03,31.8,85.0,2.0,24.639860153198,121.83334350585
08BEAC245C7A,2023-06-30,02:35:12,32.2,100.0,3.0,24.649751,120.9531952
08BEAC245F4A,2023-06-30,02:35:53,32.0,100.0,2.0,24.5968,121.841078
08BEAC252838,2023-06-30,02:36:06,31.6,100.0,1.0,23.819479,121.473126
08BEAC245B1C,2023-06-30,02:36:25,32.6,100.0,3.0,24.602338,120.77856
08BEAC252C20,2023-06-30,02:36:37,31.3,100.0,1.0,24.574514,121.47802
08BEAC245DA6,2023-06-30,02:36:47,30.7,100.0,1.0,23.4844262,120.4874326
08BEAC245ED4,2023-06-30,02:36:52,33.5,100.0,1.0,24.61402,121.853386
08BEAC252AE2,2023-06-30,02:37:15,26.7,100.0,0.0,24.4373287,121.3807443
08BEAC252820,2023-06-30,02:37:20,33.1,100.0,3.0,24.830241,121.0067357
08BEAC252862,2023-06-30,02:37:37,33.2,100.0,1.0,24.780019,121.180754
08BEAC245D64,2023-06-30,02:37:49,31.6,82.0,1.0,24.62168,121.834905
08BEAC245E02,2023-06-30,02:37:50,31.5,80.0,2.0,24.686842,121.798426
08BEAC2528CE,2023-06-30,02:38:06,32.2,95.0,3.0,24.7530748,121.7550418
08BEAC245CF6,2023-06-30,02:38:26,32.6,100.0,3.0,23.468906434845,120.46094857156
08BEAC245C4E,2023-06-30,02:38:46,29.8,100.0,3.0,24.374115,120.8436439
08BEAC252B9A,2023-06-30,02:38:49,30.2,100.0,1.0,24.6250013,121.1482569
08BEAC252BA0,2023-06-30,02:39:17,31.1,100.0,2.0,24.6752335,121.0590723
08BEAC25291A,2023-06-30,02:39:48,32.6,100.0,2.0,24.9027334,120.9912667
08BEAC245F6A,2023-06-30,02:39:52,33.0,100.0,2.0,24.7457187,121.0847249
08BEAC245F3C,2023-06-30,02:40:18,31.8,83.0,1.0,24.639860153198,121.83334350585
08BEAC245C7A,2023-06-30,02:40:27,32.2,100.0,3.0,24.649751,120.9531952
08BEAC245F4A,2023-06-30,02:41:09,32.1,100.0,2.0,24.5968,121.841078
08BEAC252838,2023-06-30,02:41:22,31.7,100.0,1.0,23.819479,121.473126
08BEAC245B1C,2023-06-30,02:41:40,32.7,100.0,3.0,24.602338,120.77856
08BEAC252C20,2023-06-30,02:41:52,31.2,100.0,1.0,24.574514,121.47802
08BEAC245DA6,2023-06-30,02:42:01,30.8,100.0,1.0,23.4844262,120.4874326
08BEAC245ED4,2023-06-30,02:42:06,33.5,100.0,1.0,24.61402,121.853386
08BEAC252AE2,2023-06-30,02:42:32,26.8,100.0,0.0,24.4373287,121.3807443
08BEAC252820,2023-06-30,02:42:35,33.2,100.0,4.0,24.830241,121.0067357
08BEAC252862,2023-06-30,02:42:52,33.2,100.0,1.0,24.780019,121.180754
08BEAC245D64,2023-06-30,02:43:06,31.6,82.0,1.0,24.62168,121.834905
08BEAC245E02,2023-06-30,02:43:10,31.6,80.0,2.0,24.686842,121.798426
08BEAC2528CE,2023-06-30,02:43:23,32.3,94.0,3.0,24.7530748,121.7550418
08BEAC245CF6,2023-06-30,02:43:40,32.7,100.0,2.0,23.468906434845,120.46094857156
08BEAC245C4E,2023-06-30,02:44:03,30.1,100.0,3.0,24.374115,120.8436439
08BEAC252B9A,2023-06-30,02:44:04,30.2,100.0,1.0,24.6250013,121.1482569
08BEAC252BA0,2023-06-30,02:44:31,31.2,100.0,2.0,24.6752335,121.0590723
08BEAC25291A,2023-06-30,02:45:03,32.6,100.0,2.0,24.9027334,120.9912667
08BEAC245F6A,2023-06-30,02:45:06,33.0,100.0,3.0,24.7457187,121.0847249
08BEAC245F3C,2023-06-30,02:45:32,31.8,83.0,2.0,24.639860153198,121.83334350585
08BEAC245C7A,2023-06-30,02:45:43,32.2,100.0,3.0,24.649751,120.9531952
08BEAC245F4A,2023-06-30,02:46:23,32.1,100.0,2.0,24.5968,121.841078
08BEAC252838,2023-06-30,02:46:37,31.8,100.0,1.0,23.819479,121.473126
08BEAC245B1C,2023-06-30,02:47:03,32.7,100.0,3.0,24.602338,120.77856
08BEAC252C20,2023-06-30,02:47:08,31.2,100.0,1.0,24.574514,121.47802
08BEAC245DA6,2023-06-30,02:47:17,30.8,100.0,1.0,23.4844262,120.4874326
08BEAC245ED4,2023-06-30,02:47:21,33.6,100.0,1.0,24.61402,121.853386
08BEAC252AE2,2023-06-30,02:47:47,26.8,100.0,1.0,24.4373287,121.3807443
08BEAC252820,2023-06-30,02:47:48,33.3,100.0,3.0,24.830241,121.0067357
08BEAC252862,2023-06-30,02:48:06,33.3,100.0,1.0,24.780019,121.180754
08BEAC245D64,2023-06-30,02:48:20,31.5,82.0,1.0,24.62168,121.834905
08BEAC245E02,2023-06-30,02:48:25,31.5,80.0,1.0,24.686842,121.798426
08BEAC2528CE,2023-06-30,02:48:39,32.3,95.0,3.0,24.7530748,121.7550418
08BEAC245CF6,2023-06-30,02:48:55,33.0,100.0,2.0,23.468906434845,120.46094857156
08BEAC252B9A,2023-06-30,02:49:20,30.5,100.0,1.0,24.6250013,121.1482569
08BEAC252BA0,2023-06-30,02:49:45,31.3,100.0,2.0,24.6752335,121.0590723
08BEAC25291A,2023-06-30,02:50:19,32.7,100.0,2.0,24.9027334,120.9912667
08BEAC245F6A,2023-06-30,02:50:21,33.0,100.0,3.0,24.7457187,121.0847249
08BEAC245F3C,2023-06-30,02:50:49,31.7,82.0,1.0,24.639860153198,121.83334350585
08BEAC245F4A,2023-06-30,02:51:40,32.3,100.0,1.0,24.5968,121.841078
08BEAC252838,2023-06-30,02:51:52,31.8,100.0,1.0,23.819479,121.473126
08BEAC245B1C,2023-06-30,02:52:18,32.8,100.0,3.0,24.602338,120.77856
08BEAC252C20,2023-06-30,02:52:23,31.2,100.0,1.0,24.574514,121.47802
08BEAC245DA6,2023-06-30,02:52:32,31.1,100.0,1.0,23.4844262,120.4874326
08BEAC245ED4,2023-06-30,02:52:42,33.6,100.0,1.0,24.61402,121.853386
08BEAC252AE2,2023-06-30,02:53:04,27.0,100.0,1.0,24.4373287,121.3807443
08BEAC252820,2023-06-30,02:53:11,33.5,100.0,3.0,24.830241,121.0067357
08BEAC252862,2023-06-30,02:53:28,33.3,100.0,1.0,24.780019,121.180754
08BEAC245D64,2023-06-30,02:53:38,31.5,81.0,1.0,24.62168,121.834905
08BEAC245E02,2023-06-30,02:53:38,31.5,80.0,2.0,24.686842,121.798426
08BEAC2528CE,2023-06-30,02:53:53,32.3,92.0,3.0,24.7530748,121.7550418
08BEAC245CF6,2023-06-30,02:54:10,33.1,100.0,2.0,23.468906434845,120.46094857156
08BEAC245C4E,2023-06-30,02:54:28,30.5,100.0,3.0,24.374115,120.8436439
08BEAC252B9A,2023-06-30,02:54:36,30.7,100.0,1.0,24.6250013,121.1482569
08BEAC252BA0,2023-06-30,02:55:00,31.5,100.0,2.0,24.6752335,121.0590723
08BEAC245F6A,2023-06-30,02:55:40,33.1,100.0,3.0,24.7457187,121.0847249
08BEAC25291A,2023-06-30,02:55:56,32.7,100.0,2.0,24.9027334,120.9912667
08BEAC245F3C,2023-06-30,02:56:04,31.8,83.0,2.0,24.639860153198,121.83334350585
08BEAC245C7A,2023-06-30,02:56:09,32.3,100.0,4.0,24.649751,120.9531952
08BEAC252838,2023-06-30,02:57:06,32.0,100.0,1.0,23.819479,121.473126
08BEAC245F4A,2023-06-30,02:57:09,32.3,100.0,2.0,24.5968,121.841078
08BEAC245B1C,2023-06-30,02:57:34,33.0,100.0,3.0,24.602338,120.77856
08BEAC252C20,2023-06-30,02:57:39,31.3,100.0,1.0,24.574514,121.47802
08BEAC245DA6,2023-06-30,02:57:48,31.2,100.0,1.0,23.4844262,120.4874326
08BEAC245ED4,2023-06-30,02:57:59,33.6,100.0,1.0,24.61402,121.853386
08BEAC252AE2,2023-06-30,02:58:18,26.8,100.0,0.0,24.4373287,121.3807443
08BEAC252820,2023-06-30,02:58:32,33.5,100.0,3.0,24.830241,121.0067357
08BEAC252862,2023-06-30,02:58:44,33.3,100.0,1.0,24.780019,121.180754
08BEAC245E02,2023-06-30,02:58:53,31.6,79.0,1.0,24.686842,121.798426
08BEAC245D64,2023-06-30,02:58:57,31.3,82.0,1.0,24.62168,121.834905
08BEAC2528CE,2023-06-30,02:59:13,32.5,92.0,3.0,24.7530748,121.7550418
08BEAC245CF6,2023-06-30,02:59:27,33.0,100.0,2.0,23.468906434845,120.46094857156
08BEAC245C4E,2023-06-30,02:59:49,30.7,100.0,3.0,24.374115,120.8436439
08BEAC252B9A,2023-06-30,02:59:56,30.8,100.0,1.0,24.6250013,121.1482569
08BEAC252BA0,2023-06-30,03:00:17,31.5,100.0,2.0,24.6752335,121.0590723
08BEAC25291A,2023-06-30,03:01:12,32.7,100.0,2.0,24.9027334,120.9912667
08BEAC245F6A,2023-06-30,03:01:17,33.1,100.0,3.0,24.7457187,121.0847249
08BEAC245F3C,2023-06-30,03:01:20,31.8,81.0,1.0,24.639860153198,121.83334350585
08BEAC245C7A,2023-06-30,03:01:25,32.3,100.0,4.0,24.649751,120.9531952
08BEAC252838,2023-06-30,03:02:24,31.8,100.0,1.0,23.819479,121.473126
08BEAC245F4A,2023-06-30,03:02:26,32.3,100.0,2.0,24.5968,121.841078
08BEAC252C20,2023-06-30,03:02:55,31.2,100.0,2.0,24.574514,121.47802
08BEAC245B1C,2023-06-30,03:02:59,33.1,100.0,3.0,24.602338,120.77856
08BEAC245DA6,2023-06-30,03:03:03,31.2,100.0,1.0,23.4844262,120.4874326
08BEAC245ED4,2023-06-30,03:03:14,33.6,100.0,1.0,24.61402,121.853386
08BEAC252AE2,2023-06-30,03:03:36,27.0,100.0,1.0,24.4373287,121.3807443
08BEAC252820,2023-06-30,03:03:53,33.5,100.0,3.0,24.830241,121.0067357
08BEAC252862,2023-06-30,03:03:58,33.2,100.0,2.0,24.780019,121.180754
08BEAC245E02,2023-06-30,03:04:08,31.6,79.0,2.0,24.686842,121.798426
08BEAC245D64,2023-06-30,03:04:11,31.3,83.0,2.0,24.62168,121.834905
08BEAC2528CE,2023-06-30,03:04:30,32.5,90.0,2.0,24.7530748,121.7550418
08BEAC245CF6,2023-06-30,03:04:43,33.2,100.0,2.0,23.468906434845,120.46094857156
08BEAC245C4E,2023-06-30,03:05:05,30.7,100.0,3.0,24.374115,120.8436439
08BEAC252B9A,2023-06-30,03:05:20,30.7,100.0,1.0,24.6250013,121.1482569
08BEAC252BA0,2023-06-30,03:05:31,31.5,100.0,2.0,24.6752335,121.0590723
08BEAC25291A,2023-06-30,03:06:30,32.7,100.0,2.0,24.9027334,120.9912667
08BEAC245F6A,2023-06-30,03:06:36,33.5,100.0,3.0,24.7457187,121.0847249
08BEAC245F3C,2023-06-30,03:06:40,31.8,82.0,2.0,24.639860153198,121.83334350585
08BEAC245C7A,2023-06-30,03:06:49,32.3,100.0,4.0,24.649751,120.9531952
08BEAC252838,2023-06-30,03:07:44,31.8,100.0,2.0,23.819479,121.473126
08BEAC245F4A,2023-06-30,03:07:51,32.3,100.0,1.0,24.5968,121.841078
08BEAC252C20,2023-06-30,03:08:13,31.5,100.0,2.0,24.574514,121.47802
08BEAC245B1C,2023-06-30,03:08:14,33.1,100.0,3.0,24.602338,120.77856
08BEAC245DA6,2023-06-30,03:08:25,31.3,100.0,1.0,23.4844262,120.4874326
08BEAC245ED4,2023-06-30,03:08:29,33.6,100.0,1.0,24.61402,121.853386
08BEAC252AE2,2023-06-30,03:08:55,26.8,100.0,1.0,24.4373287,121.3807443
08BEAC252820,2023-06-30,03:09:08,33.5,100.0,3.0,24.830241,121.0067357
08BEAC252862,2023-06-30,03:09:15,33.2,100.0,2.0,24.780019,121.180754
08BEAC245E02,2023-06-30,03:09:25,31.6,78.0,2.0,24.686842,121.798426
08BEAC245D64,2023-06-30,03:09:29,31.6,85.0,2.0,24.62168,121.834905
08BEAC2528CE,2023-06-30,03:09:45,32.5,91.0,2.0,24.7530748,121.7550418
08BEAC245CF6,2023-06-30,03:09:58,33.2,100.0,2.0,23.468906434845,120.46094857156
08BEAC245C4E,2023-06-30,03:10:22,30.8,100.0,3.0,24.374115,120.8436439
08BEAC252B9A,2023-06-30,03:10:43,30.6,100.0,1.0,24.6250013,121.1482569
08BEAC252BA0,2023-06-30,03:10:48,31.6,100.0,2.0,24.6752335,121.0590723
08BEAC25291A,2023-06-30,03:11:47,32.8,100.0,2.0,24.9027334,120.9912667
08BEAC245F6A,2023-06-30,03:11:51,33.6,100.0,3.0,24.7457187,121.0847249
08BEAC245F3C,2023-06-30,03:11:54,31.8,83.0,2.0,24.639860153198,121.83334350585
08BEAC245C7A,2023-06-30,03:12:04,32.5,100.0,4.0,24.649751,120.9531952
08BEAC252838,2023-06-30,03:13:01,32.1,100.0,2.0,23.819479,121.473126
08BEAC245F4A,2023-06-30,03:13:05,32.6,100.0,2.0,24.5968,121.841078
08BEAC252C20,2023-06-30,03:13:27,31.7,100.0,2.0,24.574514,121.47802
08BEAC245DA6,2023-06-30,03:13:39,31.5,100.0,1.0,23.4844262,120.4874326
08BEAC245B1C,2023-06-30,03:13:41,33.0,100.0,3.0,24.602338,120.77856
08BEAC245ED4,2023-06-30,03:13:44,33.6,100.0,1.0,24.61402,121.853386
08BEAC252AE2,2023-06-30,03:14:11,26.8,100.0,1.0,24.4373287,121.3807443
08BEAC252820,2023-06-30,03:14:23,33.6,100.0,3.0,24.830241,121.0067357
08BEAC252862,2023-06-30,03:14:30,33.3,100.0,2.0,24.780019,121.180754
08BEAC245E02,2023-06-30,03:14:38,31.6,78.0,2.0,24.686842,121.798426
08BEAC245D64,2023-06-30,03:14:44,31.6,82.0,1.0,24.62168,121.834905
08BEAC252BA0,2023-06-30,03:16:03,31.6,100.0,2.0,24.6752335,121.0590723
08BEAC25291A,2023-06-30,03:17:03,33.0,100.0,2.0,24.9027334,120.9912667
08BEAC245F6A,2023-06-30,03:17:06,33.8,100.0,3.0,24.7457187,121.0847249
08BEAC245F3C,2023-06-30,03:17:08,32.0,81.0,2.0,24.639860153198,121.83334350585
08BEAC245C7A,2023-06-30,03:17:19,32.5,100.0,4.0,24.649751,120.9531952
08BEAC245F4A,2023-06-30,03:18:23,32.8,100.0,2.0,24.5968,121.841078
08BEAC252838,2023-06-30,03:18:23,32.5,100.0,2.0,23.819479,121.473126
08BEAC252C20,2023-06-30,03:18:43,31.8,100.0,2.0,24.574514,121.47802
08BEAC245DA6,2023-06-30,03:18:53,31.5,100.0,1.0,23.4844262,120.4874326
08BEAC245B1C,2023-06-30,03:18:55,33.1,100.0,4.0,24.602338,120.77856
08BEAC245ED4,2023-06-30,03:19:00,33.5,100.0,1.0,24.61402,121.853386
08BEAC252AE2,2023-06-30,03:19:25,27.0,100.0,1.0,24.4373287,121.3807443
08BEAC252820,2023-06-30,03:19:41,33.5,100.0,4.0,24.830241,121.0067357
08BEAC252862,2023-06-30,03:19:46,33.6,100.0,2.0,24.780019,121.180754
08BEAC245E02,2023-06-30,03:19:53,31.7,77.0,2.0,24.686842,121.798426
08BEAC245D64,2023-06-30,03:19:58,31.6,82.0,2.0,24.62168,121.834905
08BEAC2528CE,2023-06-30,03:20:18,32.5,90.0,2.0,24.7530748,121.7550418
08BEAC245CF6,2023-06-30,03:20:29,33.7,100.0,2.0,23.468906434845,120.46094857156
08BEAC245C4E,2023-06-30,03:20:50,31.0,100.0,3.0,24.374115,120.8436439
08BEAC252B9A,2023-06-30,03:21:13,30.6,100.0,1.0,24.6250013,121.1482569
08BEAC252BA0,2023-06-30,03:21:18,31.6,100.0,2.0,24.6752335,121.0590723
08BEAC25291A,2023-06-30,03:22:17,33.0,100.0,2.0,24.9027334,120.9912667
08BEAC245F6A,2023-06-30,03:22:20,34.0,100.0,3.0,24.7457187,121.0847249
08BEAC245F3C,2023-06-30,03:22:25,32.1,81.0,2.0,24.639860153198,121.83334350585
08BEAC245C7A,2023-06-30,03:22:34,32.5,100.0,4.0,24.649751,120.9531952
08BEAC252838,2023-06-30,03:23:38,32.5,100.0,2.0,23.819479,121.473126
08BEAC245F4A,2023-06-30,03:23:40,32.8,100.0,1.0,24.5968,121.841078
08BEAC252C20,2023-06-30,03:23:58,32.1,100.0,2.0,24.574514,121.47802
08BEAC245DA6,2023-06-30,03:24:08,31.6,100.0,1.0,23.4844262,120.4874326
08BEAC245B1C,2023-06-30,03:24:11,33.2,100.0,4.0,24.602338,120.77856
08BEAC245ED4,2023-06-30,03:24:16,33.5,100.0,1.0,24.61402,121.853386
08BEAC252AE2,2023-06-30,03:24:40,27.2,100.0,1.0,24.4373287,121.3807443
08BEAC252820,2023-06-30,03:24:55,33.5,100.0,4.0,24.830241,121.0067357
08BEAC252862,2023-06-30,03:25:01,33.7,100.0,2.0,24.780019,121.180754
08BEAC245E02,2023-06-30,03:25:07,31.7,76.0,3.0,24.686842,121.798426
08BEAC245D64,2023-06-30,03:25:15,31.6,83.0,2.0,24.62168,121.834905
08BEAC2528CE,2023-06-30,03:25:34,32.3,90.0,2.0,24.7530748,121.7550418
08BEAC245CF6,2023-06-30,03:25:44,33.7,100.0,2.0,23.468906434845,120.46094857156
08BEAC245C4E,2023-06-30,03:26:05,31.1,100.0,3.0,24.374115,120.8436439
08BEAC252B9A,2023-06-30,03:26:27,30.8,100.0,1.0,24.6250013,121.1482569
08BEAC252BA0,2023-06-30,03:26:33,31.7,100.0,2.0,24.6752335,121.0590723
08BEAC25291A,2023-06-30,03:27:32,33.0,100.0,2.0,24.9027334,120.9912667
08BEAC245F6A,2023-06-30,03:27:37,34.0,100.0,3.0,24.7457187,121.0847249
08BEAC245F3C,2023-06-30,03:27:40,32.1,80.0,2.0,24.639860153198,121.83334350585
08BEAC245C7A,2023-06-30,03:27:47,32.5,100.0,4.0,24.649751,120.9531952
08BEAC252838,2023-06-30,03:28:53,32.5,100.0,2.0,23.819479,121.473126
08BEAC245F4A,2023-06-30,03:28:56,32.8,100.0,1.0,24.5968,121.841078
08BEAC252C20,2023-06-30,03:29:13,32.2,100.0,2.0,24.574514,121.47802
08BEAC245B1C,2023-06-30,03:29:26,33.3,100.0,4.0,24.602338,120.77856
08BEAC245ED4,2023-06-30,03:29:30,33.5,100.0,1.0,24.61402,121.853386
08BEAC252AE2,2023-06-30,03:29:55,27.3,100.0,1.0,24.4373287,121.3807443
08BEAC252820,2023-06-30,03:30:10,33.5,100.0,4.0,24.830241,121.0067357
08BEAC245E02,2023-06-30,03:30:23,31.7,75.0,3.0,24.686842,121.798426
08BEAC245D64,2023-06-30,03:30:31,31.7,83.0,1.0,24.62168,121.834905
08BEAC2528CE,2023-06-30,03:30:50,32.5,90.0,3.0,24.7530748,121.7550418
08BEAC245CF6,2023-06-30,03:31:00,33.7,100.0,2.0,23.468906434845,120.46094857156
08BEAC245C4E,2023-06-30,03:31:21,31.1,100.0,3.0,24.374115,120.8436439
08BEAC252B9A,2023-06-30,03:31:41,30.7,100.0,1.0,24.6250013,121.1482569
08BEAC252BA0,2023-06-30,03:31:46,31.7,100.0,3.0,24.6752335,121.0590723
08BEAC25291A,2023-06-30,03:32:46,33.0,100.0,2.0,24.9027334,120.9912667
08BEAC245F6A,2023-06-30,03:32:52,34.1,100.0,3.0,24.7457187,121.0847249
08BEAC245F3C,2023-06-30,03:32:55,32.2,80.0,2.0,24.639860153198,121.83334350585
08BEAC245C7A,2023-06-30,03:33:02,32.5,100.0,3.0,24.649751,120.9531952
08BEAC252838,2023-06-30,03:34:08,32.6,100.0,2.0,23.819479,121.473126
08BEAC245F4A,2023-06-30,03:34:11,32.8,100.0,1.0,24.5968,121.841078
08BEAC252C20,2023-06-30,03:34:30,32.1,100.0,2.0,24.574514,121.47802
08BEAC245DA6,2023-06-30,03:34:33,31.8,100.0,1.0,23.4844262,120.4874326
08BEAC245B1C,2023-06-30,03:34:41,33.3,100.0,5.0,24.602338,120.77856
08BEAC245ED4,2023-06-30,03:34:45,33.6,100.0,1.0,24.61402,121.853386
08BEAC252AE2,2023-06-30,03:35:12,27.3,100.0,1.0,24.4373287,121.3807443
08BEAC252820,2023-06-30,03:35:23,33.5,100.0,5.0,24.830241,121.0067357
08BEAC252862,2023-06-30,03:35:27,33.6,100.0,2.0,24.780019,121.180754
08BEAC245E02,2023-06-30,03:35:37,31.7,76.0,3.0,24.686842,121.798426
08BEAC245D64,2023-06-30,03:35:44,31.7,82.0,2.0,24.62168,121.834905
08BEAC2528CE,2023-06-30,03:36:08,32.6,89.0,2.0,24.7530748,121.7550418
08BEAC245CF6,2023-06-30,03:36:15,34.0,100.0,2.0,23.468906434845,120.46094857156
08BEAC245C4E,2023-06-30,03:36:37,31.1,100.0,3.0,24.374115,120.8436439
08BEAC252B9A,2023-06-30,03:36:55,30.8,100.0,1.0,24.6250013,121.1482569
08BEAC252BA0,2023-06-30,03:36:59,31.7,100.0,2.0,24.6752335,121.0590723
08BEAC25291A,2023-06-30,03:38:01,33.1,100.0,2.0,24.9027334,120.9912667
08BEAC245F6A,2023-06-30,03:38:07,34.1,100.0,3.0,24.7457187,121.0847249
08BEAC245F3C,2023-06-30,03:38:16,32.2,81.0,2.0,24.639860153198,121.83334350585
08BEAC245C7A,2023-06-30,03:38:18,32.6,100.0,3.0,24.649751,120.9531952
08BEAC252838,2023-06-30,03:39:23,32.7,100.0,2.0,23.819479,121.473126
08BEAC245F4A,2023-06-30,03:39:26,32.8,100.0,1.0,24.5968,121.841078
08BEAC252C20,2023-06-30,03:39:44,32.0,100.0,2.0,24.574514,121.47802
08BEAC245DA6,2023-06-30,03:39:49,31.8,100.0,0.0,23.4844262,120.4874326
08BEAC245B1C,2023-06-30,03:39:57,33.3,100.0,6.0,24.602338,120.77856
08BEAC245ED4,2023-06-30,03:40:03,33.7,100.0,1.0,24.61402,121.853386
08BEAC252AE2,2023-06-30,03:40:27,27.3,100.0,1.0,24.4373287,121.3807443
08BEAC252820,2023-06-30,03:40:39,33.6,100.0,6.0,24.830241,121.0067357
08BEAC252862,2023-06-30,03:40:41,33.6,100.0,2.0,24.780019,121.180754
08BEAC245E02,2023-06-30,03:40:52,31.7,77.0,3.0,24.686842,121.798426
08BEAC245D64,2023-06-30,03:40:58,31.6,82.0,2.0,24.62168,121.834905
08BEAC2528CE,2023-06-30,03:41:26,32.6,89.0,2.0,24.7530748,121.7550418
08BEAC245CF6,2023-06-30,03:41:30,34.2,100.0,2.0,23.468906434845,120.46094857156
08BEAC245C4E,2023-06-30,03:41:51,31.2,100.0,3.0,24.374115,120.8436439
08BEAC252B9A,2023-06-30,03:42:09,31.0,100.0,2.0,24.6250013,121.1482569
08BEAC252BA0,2023-06-30,03:42:14,31.8,100.0,2.0,24.6752335,121.0590723
08BEAC25291A,2023-06-30,03:43:16,33.0,100.0,2.0,24.9027334,120.9912667
08BEAC245F6A,2023-06-30,03:43:22,34.2,100.0,3.0,24.7457187,121.0847249
08BEAC245F3C,2023-06-30,03:43:32,32.2,79.0,2.0,24.639860153198,121.83334350585
08BEAC245C7A,2023-06-30,03:43:33,32.7,100.0,3.0,24.649751,120.9531952
08BEAC245F4A,2023-06-30,03:44:43,32.7,100.0,1.0,24.5968,121.841078
08BEAC252838,2023-06-30,03:44:45,32.8,100.0,2.0,23.819479,121.473126
08BEAC252C20,2023-06-30,03:45:01,32.0,100.0,2.0,24.574514,121.47802
08BEAC245DA6,2023-06-30,03:45:04,32.0,100.0,1.0,23.4844262,120.4874326
08BEAC245B1C,2023-06-30,03:45:13,33.2,100.0,7.0,24.602338,120.77856
08BEAC245ED4,2023-06-30,03:45:17,33.7,100.0,1.0,24.61402,121.853386
08BEAC252AE2,2023-06-30,03:45:43,27.5,100.0,1.0,24.4373287,121.3807443
08BEAC252820,2023-06-30,03:45:52,33.6,100.0,5.0,24.830241,121.0067357
08BEAC252862,2023-06-30,03:45:57,33.6,100.0,3.0,24.780019,121.180754
08BEAC245E02,2023-06-30,03:46:06,31.8,76.0,3.0,24.686842,121.798426
08BEAC245D64,2023-06-30,03:46:12,31.7,81.0,2.0,24.62168,121.834905
08BEAC2528CE,2023-06-30,03:46:42,32.6,88.0,2.0,24.7530748,121.7550418
08BEAC245CF6,2023-06-30,03:46:46,34.0,100.0,2.0,23.468906434845,120.46094857156
08BEAC245C4E,2023-06-30,03:47:06,31.3,100.0,3.0,24.374115,120.8436439
08BEAC252B9A,2023-06-30,03:47:23,31.2,100.0,2.0,24.6250013,121.1482569
08BEAC252BA0,2023-06-30,03:47:31,32.0,100.0,2.0,24.6752335,121.0590723
08BEAC25291A,2023-06-30,03:48:29,33.0,100.0,3.0,24.9027334,120.9912667
08BEAC245F6A,2023-06-30,03:48:38,34.6,100.0,3.0,24.7457187,121.0847249
08BEAC245C7A,2023-06-30,03:48:48,32.7,100.0,4.0,24.649751,120.9531952
08BEAC245F3C,2023-06-30,03:48:50,32.2,82.0,2.0,24.639860153198,121.83334350585
08BEAC245F4A,2023-06-30,03:50:00,33.0,100.0,1.0,24.5968,121.841078
08BEAC252838,2023-06-30,03:50:03,32.7,100.0,2.0,23.819479,121.473126
08BEAC252C20,2023-06-30,03:50:16,31.8,100.0,2.0,24.574514,121.47802
08BEAC245DA6,2023-06-30,03:50:22,32.1,100.0,1.0,23.4844262,120.4874326
08BEAC245B1C,2023-06-30,03:50:28,33.2,100.0,7.0,24.602338,120.77856
08BEAC245ED4,2023-06-30,03:50:32,33.5,100.0,1.0,24.61402,121.853386
08BEAC252AE2,2023-06-30,03:50:58,27.6,100.0,1.0,24.4373287,121.3807443
08BEAC252820,2023-06-30,03:51:08,33.6,100.0,5.0,24.830241,121.0067357
08BEAC252862,2023-06-30,03:51:13,33.6,100.0,3.0,24.780019,121.180754
08BEAC245E02,2023-06-30,03:51:20,32.0,75.0,3.0,24.686842,121.798426
08BEAC245D64,2023-06-30,03:51:27,31.7,81.0,2.0,24.62168,121.834905
08BEAC2528CE,2023-06-30,03:51:56,32.7,88.0,2.0,24.7530748,121.7550418
08BEAC245CF6,2023-06-30,03:52:00,33.7,100.0,2.0,23.468906434845,120.46094857156
08BEAC245C4E,2023-06-30,03:52:21,31.3,100.0,3.0,24.374115,120.8436439
08BEAC252B9A,2023-06-30,03:52:39,31.3,100.0,2.0,24.6250013,121.1482569
08BEAC252BA0,2023-06-30,03:52:46,32.0,100.0,2.0,24.6752335,121.0590723
08BEAC25291A,2023-06-30,03:53:45,32.8,100.0,3.0,24.9027334,120.9912667
08BEAC245F6A,2023-06-30,03:53:51,34.6,100.0,3.0,24.7457187,121.0847249
08BEAC245C7A,2023-06-30,03:54:03,32.7,100.0,3.0,24.649751,120.9531952
08BEAC245F3C,2023-06-30,03:54:08,32.3,82.0,2.0,24.639860153198,121.83334350585
08BEAC245F4A,2023-06-30,03:55:16,32.8,100.0,1.0,24.5968,121.841078
08BEAC252838,2023-06-30,03:55:19,32.5,100.0,2.0,23.819479,121.473126
08BEAC252C20,2023-06-30,03:55:32,31.8,100.0,2.0,24.574514,121.47802
08BEAC245DA6,2023-06-30,03:55:37,32.1,100.0,1.0,23.4844262,120.4874326
08BEAC245B1C,2023-06-30,03:55:44,33.1,100.0,6.0,24.602338,120.77856
08BEAC245ED4,2023-06-30,03:55:48,33.3,100.0,1.0,24.61402,121.853386
08BEAC252820,2023-06-30,03:56:21,33.7,100.0,4.0,24.830241,121.0067357
08BEAC252AE2,2023-06-30,03:56:25,27.5,100.0,2.0,24.4373287,121.3807443
08BEAC252862,2023-06-30,03:56:27,33.6,100.0,3.0,24.780019,121.180754
08BEAC245E02,2023-06-30,03:56:36,32.1,75.0,3.0,24.686842,121.798426
08BEAC245D64,2023-06-30,03:56:44,31.8,82.0,2.0,24.62168,121.834905
08BEAC2528CE,2023-06-30,03:57:12,32.7,89.0,2.0,24.7530748,121.7550418
08BEAC245CF6,2023-06-30,03:57:18,33.6,100.0,2.0,23.468906434845,120.46094857156
08BEAC245C4E,2023-06-30,03:57:45,31.5,100.0,3.0,24.374115,120.8436439
08BEAC252B9A,2023-06-30,03:57:54,31.3,100.0,2.0,24.6250013,121.1482569
08BEAC252BA0,2023-06-30,03:58:05,32.0,100.0,2.0,24.6752335,121.0590723
08BEAC25291A,2023-06-30,03:59:07,33.0,100.0,3.0,24.9027334,120.9912667
08BEAC245F6A,2023-06-30,03:59:11,34.6,100.0,3.0,24.7457187,121.0847249
08BEAC245F3C,2023-06-30,03:59:29,32.5,81.0,2.0,24.639860153198,121.83334350585
08BEAC245C7A,2023-06-30,03:59:39,32.7,100.0,4.0,24.649751,120.9531952
08BEAC252838,2023-06-30,04:00:32,32.1,100.0,2.0,23.819479,121.473126
08BEAC245F4A,2023-06-30,04:00:36,32.7,100.0,1.0,24.5968,121.841078
08BEAC252C20,2023-06-30,04:00:47,31.8,100.0,2.0,24.574514,121.47802
08BEAC245DA6,2023-06-30,04:00:53,32.2,100.0,1.0,23.4844262,120.4874326
08BEAC245B1C,2023-06-30,04:01:00,33.0,100.0,5.0,24.602338,120.77856
08BEAC245ED4,2023-06-30,04:01:04,33.0,100.0,2.0,24.61402,121.853386
08BEAC252820,2023-06-30,04:01:36,33.6,100.0,4.0,24.830241,121.0067357
08BEAC252AE2,2023-06-30,04:01:40,27.5,100.0,1.0,24.4373287,121.3807443
08BEAC252862,2023-06-30,04:01:42,33.7,100.0,3.0,24.780019,121.180754
08BEAC245E02,2023-06-30,04:01:50,32.1,74.0,3.0,24.686842,121.798426
08BEAC245D64,2023-06-30,04:02:01,31.7,82.0,2.0,24.62168,121.834905
08BEAC2528CE,2023-06-30,04:02:29,32.8,89.0,2.0,24.7530748,121.7550418
08BEAC245CF6,2023-06-30,04:02:32,33.5,100.0,3.0,23.468906434845,120.46094857156
08BEAC245C4E,2023-06-30,04:03:00,31.6,100.0,3.0,24.374115,120.8436439
08BEAC252B9A,2023-06-30,04:03:10,31.2,100.0,2.0,24.6250013,121.1482569
08BEAC252BA0,2023-06-30,04:03:20,31.8,100.0,2.0,24.6752335,121.0590723
08BEAC25291A,2023-06-30,04:04:22,33.0,100.0,3.0,24.9027334,120.9912667
08BEAC245F6A,2023-06-30,04:04:28,34.6,100.0,3.0,24.7457187,121.0847249
08BEAC245F3C,2023-06-30,04:04:47,32.6,82.0,2.0,24.639860153198,121.83334350585
08BEAC245C7A,2023-06-30,04:04:55,32.7,100.0,4.0,24.649751,120.9531952
08BEAC252838,2023-06-30,04:05:49,31.8,100.0,2.0,23.819479,121.473126
08BEAC245F4A,2023-06-30,04:05:50,32.6,100.0,2.0,24.5968,121.841078
08BEAC252C20,2023-06-30,04:06:03,31.8,100.0,2.0,24.574514,121.47802
08BEAC245DA6,2023-06-30,04:06:09,32.3,100.0,1.0,23.4844262,120.4874326
08BEAC245B1C,2023-06-30,04:06:14,33.0,100.0,5.0,24.602338,120.77856
08BEAC245ED4,2023-06-30,04:06:20,32.8,100.0,1.0,24.61402,121.853386
08BEAC252820,2023-06-30,04:06:52,33.8,100.0,5.0,24.830241,121.0067357
08BEAC252AE2,2023-06-30,04:06:56,27.5,100.0,2.0,24.4373287,121.3807443
08BEAC252862,2023-06-30,04:06:59,33.6,100.0,3.0,24.780019,121.180754
08BEAC245E02,2023-06-30,04:07:05,32.3,74.0,3.0,24.686842,121.798426
08BEAC245D64,2023-06-30,04:07:16,31.7,82.0,2.0,24.62168,121.834905
08BEAC2528CE,2023-06-30,04:07:45,32.8,87.0,2.0,24.7530748,121.7550418
08BEAC245CF6,2023-06-30,04:07:48,33.3,100.0,4.0,23.468906434845,120.46094857156
08BEAC245C4E,2023-06-30,04:08:18,31.7,100.0,3.0,24.374115,120.8436439
08BEAC252B9A,2023-06-30,04:08:24,31.5,100.0,2.0,24.6250013,121.1482569
08BEAC252BA0,2023-06-30,04:08:36,32.0,100.0,2.0,24.6752335,121.0590723
08BEAC25291A,2023-06-30,04:09:39,33.0,100.0,3.0,24.9027334,120.9912667
08BEAC245F6A,2023-06-30,04:09:43,34.5,100.0,3.0,24.7457187,121.0847249
08BEAC245C7A,2023-06-30,04:10:10,32.7,100.0,4.0,24.649751,120.9531952
08BEAC245F3C,2023-06-30,04:10:11,32.6,81.0,2.0,24.639860153198,121.83334350585
08BEAC252838,2023-06-30,04:11:04,31.7,100.0,2.0,23.819479,121.473126
08BEAC245F4A,2023-06-30,04:11:10,32.6,100.0,1.0,24.5968,121.841078
08BEAC252C20,2023-06-30,04:11:19,31.7,100.0,2.0,24.574514,121.47802
08BEAC245DA6,2023-06-30,04:11:23,32.3,100.0,1.0,23.4844262,120.4874326
08BEAC245ED4,2023-06-30,04:11:35,32.8,100.0,1.0,24.61402,121.853386
08BEAC245B1C,2023-06-30,04:11:45,33.0,100.0,5.0,24.602338,120.77856
08BEAC252820,2023-06-30,04:12:08,33.8,100.0,5.0,24.830241,121.0067357
08BEAC252AE2,2023-06-30,04:12:10,27.5,100.0,2.0,24.4373287,121.3807443
08BEAC245E02,2023-06-30,04:12:19,32.3,74.0,3.0,24.686842,121.798426
08BEAC245D64,2023-06-30,04:12:30,31.7,83.0,2.0,24.62168,121.834905
08BEAC2528CE,2023-06-30,04:12:59,32.8,86.0,2.0,24.7530748,121.7550418
08BEAC245CF6,2023-06-30,04:13:03,33.2,100.0,4.0,23.468906434845,120.46094857156
08BEAC245C4E,2023-06-30,04:13:34,32.0,100.0,3.0,24.374115,120.8436439
08BEAC252B9A,2023-06-30,04:13:38,31.2,100.0,2.0,24.6250013,121.1482569
08BEAC252BA0,2023-06-30,04:13:53,32.0,100.0,2.0,24.6752335,121.0590723
08BEAC25291A,2023-06-30,04:14:53,32.8,100.0,3.0,24.9027334,120.9912667
08BEAC245F6A,2023-06-30,04:14:58,34.5,100.0,3.0,24.7457187,121.0847249
08BEAC245C7A,2023-06-30,04:15:25,32.7,100.0,4.0,24.649751,120.9531952
08BEAC245F3C,2023-06-30,04:15:26,32.6,84.0,1.0,24.639860153198,121.83334350585
08BEAC252838,2023-06-30,04:16:18,31.7,100.0,2.0,23.819479,121.473126
08BEAC245F4A,2023-06-30,04:16:25,32.6,100.0,1.0,24.5968,121.841078
08BEAC252C20,2023-06-30,04:16:35,31.6,100.0,2.0,24.574514,121.47802
08BEAC245DA6,2023-06-30,04:16:39,32.3,100.0,2.0,23.4844262,120.4874326
08BEAC245ED4,2023-06-30,04:16:51,33.2,100.0,1.0,24.61402,121.853386
08BEAC245B1C,2023-06-30,04:17:06,33.0,100.0,4.0,24.602338,120.77856
08BEAC252820,2023-06-30,04:17:23,33.8,100.0,6.0,24.830241,121.0067357
08BEAC252862,2023-06-30,04:17:23,33.5,100.0,3.0,24.780019,121.180754
08BEAC252AE2,2023-06-30,04:17:25,27.6,100.0,2.0,24.4373287,121.3807443
08BEAC245E02,2023-06-30,04:17:35,32.5,74.0,3.0,24.686842,121.798426
08BEAC245D64,2023-06-30,04:17:48,31.7,83.0,2.0,24.62168,121.834905
08BEAC2528CE,2023-06-30,04:18:14,33.0,86.0,2.0,24.7530748,121.7550418
08BEAC245CF6,2023-06-30,04:18:20,33.3,100.0,3.0,23.468906434845,120.46094857156
08BEAC245C4E,2023-06-30,04:18:49,32.0,100.0,4.0,24.374115,120.8436439
08BEAC252B9A,2023-06-30,04:18:52,30.8,100.0,3.0,24.6250013,121.1482569
08BEAC252BA0,2023-06-30,04:19:09,32.1,100.0,2.0,24.6752335,121.0590723
08BEAC25291A,2023-06-30,04:20:10,32.8,100.0,3.0,24.9027334,120.9912667
08BEAC245F6A,2023-06-30,04:20:15,34.5,100.0,3.0,24.7457187,121.0847249
08BEAC245C7A,2023-06-30,04:20:41,32.7,100.0,5.0,24.649751,120.9531952
08BEAC245F3C,2023-06-30,04:20:43,32.7,83.0,2.0,24.639860153198,121.83334350585
08BEAC252838,2023-06-30,04:21:33,31.7,100.0,2.0,23.819479,121.473126
08BEAC245F4A,2023-06-30,04:21:41,32.6,100.0,1.0,24.5968,121.841078
08BEAC252C20,2023-06-30,04:21:49,31.7,100.0,2.0,24.574514,121.47802
08BEAC245DA6,2023-06-30,04:21:53,32.3,100.0,2.0,23.4844262,120.4874326
08BEAC245ED4,2023-06-30,04:22:07,33.1,100.0,1.0,24.61402,121.853386
08BEAC245B1C,2023-06-30,04:22:28,33.1,100.0,4.0,24.602338,120.77856
08BEAC252820,2023-06-30,04:22:37,33.8,100.0,6.0,24.830241,121.0067357
08BEAC252862,2023-06-30,04:22:39,33.6,100.0,3.0,24.780019,121.180754
08BEAC252AE2,2023-06-30,04:22:39,27.8,100.0,2.0,24.4373287,121.3807443
08BEAC245E02,2023-06-30,04:22:50,32.5,73.0,3.0,24.686842,121.798426
08BEAC245D64,2023-06-30,04:23:02,31.8,82.0,2.0,24.62168,121.834905
08BEAC2528CE,2023-06-30,04:23:30,32.8,85.0,2.0,24.7530748,121.7550418
08BEAC245CF6,2023-06-30,04:23:37,33.2,100.0,3.0,23.468906434845,120.46094857156
08BEAC245C4E,2023-06-30,04:24:05,31.8,100.0,3.0,24.374115,120.8436439
08BEAC252B9A,2023-06-30,04:24:07,30.5,100.0,3.0,24.6250013,121.1482569
08BEAC252BA0,2023-06-30,04:24:27,32.1,100.0,2.0,24.6752335,121.0590723
08BEAC25291A,2023-06-30,04:25:24,32.8,100.0,3.0,24.9027334,120.9912667
08BEAC245F6A,2023-06-30,04:25:30,34.5,100.0,4.0,24.7457187,121.0847249
08BEAC245C7A,2023-06-30,04:25:58,32.7,100.0,5.0,24.649751,120.9531952
08BEAC245F3C,2023-06-30,04:25:59,32.7,84.0,1.0,24.639860153198,121.83334350585
08BEAC252838,2023-06-30,04:26:48,31.7,100.0,2.0,23.819479,121.473126
08BEAC245F4A,2023-06-30,04:26:56,32.7,100.0,2.0,24.5968,121.841078
08BEAC252C20,2023-06-30,04:27:07,31.7,100.0,2.0,24.574514,121.47802
08BEAC245DA6,2023-06-30,04:27:10,32.5,100.0,1.0,23.4844262,120.4874326
08BEAC245ED4,2023-06-30,04:27:22,33.1,100.0,1.0,24.61402,121.853386
08BEAC252820,2023-06-30,04:27:53,33.7,100.0,7.0,24.830241,121.0067357
08BEAC252862,2023-06-30,04:27:58,33.6,100.0,3.0,24.780019,121.180754
08BEAC245B1C,2023-06-30,04:27:59,33.1,100.0,4.0,24.602338,120.77856
08BEAC245E02,2023-06-30,04:28:07,32.5,72.0,3.0,24.686842,121.798426
08BEAC245D64,2023-06-30,04:28:17,31.8,82.0,2.0,24.62168,121.834905
08BEAC245CF6,2023-06-30,04:28:52,33.2,100.0,3.0,23.468906434845,120.46094857156
08BEAC2528CE,2023-06-30,04:28:54,33.0,86.0,2.0,24.7530748,121.7550418
08BEAC245C4E,2023-06-30,04:29:20,32.0,100.0,3.0,24.374115,120.8436439
08BEAC252B9A,2023-06-30,04:29:20,30.0,100.0,3.0,24.6250013,121.1482569
08BEAC252BA0,2023-06-30,04:29:42,32.1,100.0,2.0,24.6752335,121.0590723
08BEAC25291A,2023-06-30,04:30:40,32.8,100.0,3.0,24.9027334,120.9912667
08BEAC245F6A,2023-06-30,04:30:44,34.3,100.0,4.0,24.7457187,121.0847249
08BEAC245C7A,2023-06-30,04:31:12,32.8,100.0,6.0,24.649751,120.9531952
08BEAC245F3C,2023-06-30,04:31:14,32.8,83.0,2.0,24.639860153198,121.83334350585
08BEAC252838,2023-06-30,04:32:04,31.8,100.0,2.0,23.819479,121.473126
08BEAC245F4A,2023-06-30,04:32:11,32.6,100.0,1.0,24.5968,121.841078
08BEAC252C20,2023-06-30,04:32:21,31.6,100.0,2.0,24.574514,121.47802
08BEAC245DA6,2023-06-30,04:32:26,32.6,100.0,1.0,23.4844262,120.4874326
08BEAC245ED4,2023-06-30,04:32:38,33.1,100.0,1.0,24.61402,121.853386
08BEAC252AE2,2023-06-30,04:33:06,28.0,100.0,2.0,24.4373287,121.3807443
08BEAC252820,2023-06-30,04:33:08,33.7,100.0,7.0,24.830241,121.0067357
08BEAC252862,2023-06-30,04:33:13,33.5,100.0,3.0,24.780019,121.180754
08BEAC245B1C,2023-06-30,04:33:14,33.3,100.0,5.0,24.602338,120.77856
08BEAC245E02,2023-06-30,04:33:22,32.5,73.0,3.0,24.686842,121.798426
08BEAC245D64,2023-06-30,04:33:31,32.0,82.0,2.0,24.62168,121.834905
08BEAC245CF6,2023-06-30,04:34:07,33.0,100.0,3.0,23.468906434845,120.46094857156
08BEAC2528CE,2023-06-30,04:34:10,33.0,87.0,2.0,24.7530748,121.7550418
08BEAC252B9A,2023-06-30,04:34:35,29.7,100.0,3.0,24.6250013,121.1482569
08BEAC245C4E,2023-06-30,04:34:37,32.0,100.0,3.0,24.374115,120.8436439
08BEAC252BA0,2023-06-30,04:34:55,32.2,100.0,3.0,24.6752335,121.0590723
08BEAC25291A,2023-06-30,04:35:54,33.0,100.0,3.0,24.9027334,120.9912667
08BEAC245F6A,2023-06-30,04:36:00,34.2,100.0,4.0,24.7457187,121.0847249
08BEAC245C7A,2023-06-30,04:36:26,33.0,100.0,6.0,24.649751,120.9531952
08BEAC245F3C,2023-06-30,04:36:28,32.8,85.0,2.0,24.639860153198,121.83334350585
08BEAC252838,2023-06-30,04:37:20,31.7,100.0,1.0,23.819479,121.473126
08BEAC245F4A,2023-06-30,04:37:25,32.7,100.0,1.0,24.5968,121.841078
08BEAC252C20,2023-06-30,04:37:36,31.6,100.0,2.0,24.574514,121.47802
08BEAC245DA6,2023-06-30,04:37:42,32.6,100.0,1.0,23.4844262,120.4874326
08BEAC245ED4,2023-06-30,04:38:19,33.3,100.0,1.0,24.61402,121.853386
08BEAC252820,2023-06-30,04:38:22,34.0,100.0,7.0,24.830241,121.0067357
08BEAC252AE2,2023-06-30,04:38:24,27.8,100.0,2.0,24.4373287,121.3807443
08BEAC252862,2023-06-30,04:38:29,33.5,100.0,3.0,24.780019,121.180754
08BEAC245E02,2023-06-30,04:38:40,32.5,74.0,2.0,24.686842,121.798426
08BEAC245B1C,2023-06-30,04:38:41,33.2,100.0,4.0,24.602338,120.77856
08BEAC245D64,2023-06-30,04:38:46,32.0,83.0,2.0,24.62168,121.834905
08BEAC245CF6,2023-06-30,04:39:24,32.8,100.0,4.0,23.468906434845,120.46094857156
08BEAC2528CE,2023-06-30,04:39:28,32.8,86.0,2.0,24.7530748,121.7550418
08BEAC252B9A,2023-06-30,04:39:49,29.5,100.0,3.0,24.6250013,121.1482569
08BEAC245C4E,2023-06-30,04:39:53,32.0,100.0,3.0,24.374115,120.8436439
08BEAC252BA0,2023-06-30,04:40:08,32.2,100.0,3.0,24.6752335,121.0590723
08BEAC25291A,2023-06-30,04:41:09,33.0,100.0,4.0,24.9027334,120.9912667
08BEAC245F6A,2023-06-30,04:41:16,34.1,100.0,5.0,24.7457187,121.0847249
08BEAC245F3C,2023-06-30,04:41:43,33.0,84.0,2.0,24.639860153198,121.83334350585
08BEAC245C7A,2023-06-30,04:41:44,33.0,100.0,6.0,24.649751,120.9531952
08BEAC252838,2023-06-30,04:42:36,31.6,100.0,1.0,23.819479,121.473126
08BEAC245F4A,2023-06-30,04:42:40,32.8,100.0,1.0,24.5968,121.841078
08BEAC252C20,2023-06-30,04:42:51,31.6,100.0,1.0,24.574514,121.47802
08BEAC245DA6,2023-06-30,04:42:59,32.2,100.0,2.0,23.4844262,120.4874326
08BEAC245ED4,2023-06-30,04:43:36,33.5,100.0,1.0,24.61402,121.853386
08BEAC252820,2023-06-30,04:43:36,34.0,100.0,7.0,24.830241,121.0067357
08BEAC252AE2,2023-06-30,04:43:38,27.7,100.0,2.0,24.4373287,121.3807443
08BEAC252862,2023-06-30,04:43:43,33.5,100.0,4.0,24.780019,121.180754
08BEAC245E02,2023-06-30,04:43:54,32.5,73.0,3.0,24.686842,121.798426
08BEAC245D64,2023-06-30,04:44:01,32.0,82.0,2.0,24.62168,121.834905
08BEAC245B1C,2023-06-30,04:44:06,33.3,100.0,4.0,24.602338,120.77856
08BEAC245CF6,2023-06-30,04:44:38,32.5,100.0,4.0,23.468906434845,120.46094857156
08BEAC2528CE,2023-06-30,04:44:46,33.0,86.0,2.0,24.7530748,121.7550418
08BEAC252B9A,2023-06-30,04:45:05,29.5,100.0,3.0,24.6250013,121.1482569
08BEAC245C4E,2023-06-30,04:45:08,32.3,100.0,3.0,24.374115,120.8436439
08BEAC252BA0,2023-06-30,04:45:25,32.3,100.0,3.0,24.6752335,121.0590723
08BEAC25291A,2023-06-30,04:46:22,33.0,100.0,3.0,24.9027334,120.9912667
08BEAC245F6A,2023-06-30,04:46:30,34.1,100.0,5.0,24.7457187,121.0847249
08BEAC245C7A,2023-06-30,04:46:57,33.0,100.0,7.0,24.649751,120.9531952
08BEAC245F3C,2023-06-30,04:46:59,33.1,84.0,2.0,24.639860153198,121.83334350585
08BEAC252838,2023-06-30,04:47:52,31.5,100.0,2.0,23.819479,121.473126
08BEAC245F4A,2023-06-30,04:47:56,32.8,100.0,1.0,24.5968,121.841078
08BEAC252C20,2023-06-30,04:48:06,31.7,100.0,2.0,24.574514,121.47802
08BEAC245DA6,2023-06-30,04:48:14,32.1,100.0,1.0,23.4844262,120.4874326
08BEAC245ED4,2023-06-30,04:48:50,33.5,100.0,1.0,24.61402,121.853386
08BEAC252820,2023-06-30,04:48:50,33.8,100.0,7.0,24.830241,121.0067357
08BEAC252AE2,2023-06-30,04:48:57,27.8,100.0,1.0,24.4373287,121.3807443
08BEAC252862,2023-06-30,04:48:58,33.3,100.0,4.0,24.780019,121.180754
08BEAC245E02,2023-06-30,04:49:10,32.5,73.0,3.0,24.686842,121.798426
08BEAC245D64,2023-06-30,04:49:15,32.1,82.0,2.0,24.62168,121.834905
08BEAC245B1C,2023-06-30,04:49:21,33.3,100.0,4.0,24.602338,120.77856
08BEAC245CF6,2023-06-30,04:49:53,32.3,100.0,3.0,23.468906434845,120.46094857156
08BEAC2528CE,2023-06-30,04:50:02,33.1,87.0,2.0,24.7530748,121.7550418
08BEAC252B9A,2023-06-30,04:50:20,29.5,100.0,3.0,24.6250013,121.1482569
08BEAC245C4E,2023-06-30,04:50:24,32.3,100.0,3.0,24.374115,120.8436439
08BEAC252BA0,2023-06-30,04:50:40,32.5,100.0,3.0,24.6752335,121.0590723
08BEAC25291A,2023-06-30,04:51:36,32.8,100.0,4.0,24.9027334,120.9912667
08BEAC245F6A,2023-06-30,04:51:45,34.0,100.0,5.0,24.7457187,121.0847249
08BEAC245C7A,2023-06-30,04:52:11,33.0,100.0,7.0,24.649751,120.9531952
08BEAC245F3C,2023-06-30,04:52:14,33.1,82.0,2.0,24.639860153198,121.83334350585
08BEAC252838,2023-06-30,04:53:08,31.6,100.0,2.0,23.819479,121.473126
08BEAC245F4A,2023-06-30,04:53:11,32.7,100.0,1.0,24.5968,121.841078
08BEAC252C20,2023-06-30,04:53:21,31.6,100.0,1.0,24.574514,121.47802
08BEAC245DA6,2023-06-30,04:53:29,32.0,100.0,2.0,23.4844262,120.4874326
08BEAC252820,2023-06-30,04:54:04,33.7,100.0,7.0,24.830241,121.0067357
08BEAC245ED4,2023-06-30,04:54:06,33.3,100.0,1.0,24.61402,121.853386
08BEAC252AE2,2023-06-30,04:54:12,27.8,100.0,1.0,24.4373287,121.3807443
08BEAC252862,2023-06-30,04:54:13,33.3,100.0,4.0,24.780019,121.180754
08BEAC245E02,2023-06-30,04:54:25,32.5,74.0,3.0,24.686842,121.798426
08BEAC245D64,2023-06-30,04:54:31,32.2,82.0,2.0,24.62168,121.834905
08BEAC245B1C,2023-06-30,04:54:36,33.5,100.0,4.0,24.602338,120.77856
08BEAC245CF6,2023-06-30,04:55:07,32.2,100.0,3.0,23.468906434845,120.46094857156
08BEAC2528CE,2023-06-30,04:55:21,33.2,87.0,2.0,24.7530748,121.7550418
08BEAC252B9A,2023-06-30,04:55:35,29.7,100.0,3.0,24.6250013,121.1482569
08BEAC245C4E,2023-06-30,04:55:40,32.2,100.0,4.0,24.374115,120.8436439
08BEAC252BA0,2023-06-30,04:55:57,32.5,100.0,3.0,24.6752335,121.0590723
08BEAC25291A,2023-06-30,04:56:53,32.8,100.0,4.0,24.9027334,120.9912667
08BEAC245F6A,2023-06-30,04:57:00,34.0,100.0,6.0,24.7457187,121.0847249
08BEAC245C7A,2023-06-30,04:57:27,33.0,100.0,6.0,24.649751,120.9531952
08BEAC245F3C,2023-06-30,04:57:31,33.1,81.0,2.0,24.639860153198,121.83334350585
08BEAC252838,2023-06-30,04:58:24,31.6,100.0,2.0,23.819479,121.473126
08BEAC245F4A,2023-06-30,04:58:29,32.8,100.0,1.0,24.5968,121.841078
08BEAC252C20,2023-06-30,04:58:35,31.7,100.0,1.0,24.574514,121.47802
08BEAC245DA6,2023-06-30,04:58:44,32.0,100.0,2.0,23.4844262,120.4874326
08BEAC252820,2023-06-30,04:59:17,33.8,100.0,7.0,24.830241,121.0067357
08BEAC245ED4,2023-06-30,04:59:21,33.3,100.0,1.0,24.61402,121.853386
08BEAC252AE2,2023-06-30,04:59:27,27.8,100.0,1.0,24.4373287,121.3807443
08BEAC252862,2023-06-30,04:59:28,33.3,100.0,4.0,24.780019,121.180754
08BEAC245E02,2023-06-30,04:59:40,32.5,73.0,3.0,24.686842,121.798426
08BEAC245D64,2023-06-30,04:59:46,32.2,82.0,2.0,24.62168,121.834905
08BEAC245B1C,2023-06-30,04:59:51,33.5,100.0,4.0,24.602338,120.77856
08BEAC245CF6,2023-06-30,05:00:23,32.2,100.0,3.0,23.468906434845,120.46094857156
08BEAC2528CE,2023-06-30,05:00:36,33.3,87.0,2.0,24.7530748,121.7550418
08BEAC252B9A,2023-06-30,05:00:50,30.0,100.0,3.0,24.6250013,121.1482569
08BEAC245C4E,2023-06-30,05:00:54,32.1,100.0,3.0,24.374115,120.8436439
08BEAC252BA0,2023-06-30,05:01:13,32.5,100.0,3.0,24.6752335,121.0590723
08BEAC25291A,2023-06-30,05:02:08,33.0,100.0,4.0,24.9027334,120.9912667
08BEAC245F6A,2023-06-30,05:02:16,34.1,100.0,6.0,24.7457187,121.0847249
08BEAC245C7A,2023-06-30,05:02:42,33.1,100.0,7.0,24.649751,120.9531952
08BEAC245F3C,2023-06-30,05:02:47,33.1,80.0,2.0,24.639860153198,121.83334350585
08BEAC252838,2023-06-30,05:03:39,31.7,100.0,2.0,23.819479,121.473126
08BEAC245F4A,2023-06-30,05:03:45,33.0,100.0,1.0,24.5968,121.841078
08BEAC252C20,2023-06-30,05:03:50,31.7,100.0,1.0,24.574514,121.47802
08BEAC245DA6,2023-06-30,05:03:58,32.0,100.0,2.0,23.4844262,120.4874326
08BEAC252820,2023-06-30,05:04:31,34.1,100.0,7.0,24.830241,121.0067357
08BEAC245ED4,2023-06-30,05:04:37,33.5,100.0,1.0,24.61402,121.853386
08BEAC252862,2023-06-30,05:04:43,33.2,100.0,4.0,24.780019,121.180754
08BEAC252AE2,2023-06-30,05:04:43,27.5,100.0,1.0,24.4373287,121.3807443
08BEAC245E02,2023-06-30,05:04:56,32.5,73.0,3.0,24.686842,121.798426
08BEAC245D64,2023-06-30,05:05:01,32.1,82.0,2.0,24.62168,121.834905
08BEAC245B1C,2023-06-30,05:05:09,33.7,100.0,4.0,24.602338,120.77856
08BEAC245CF6,2023-06-30,05:05:40,32.1,100.0,3.0,23.468906434845,120.46094857156
08BEAC2528CE,2023-06-30,05:05:59,33.3,86.0,2.0,24.7530748,121.7550418
08BEAC252B9A,2023-06-30,05:06:06,30.0,100.0,3.0,24.6250013,121.1482569
08BEAC245C4E,2023-06-30,05:06:08,32.3,100.0,4.0,24.374115,120.8436439
08BEAC252BA0,2023-06-30,05:06:29,32.5,100.0,4.0,24.6752335,121.0590723
08BEAC25291A,2023-06-30,05:07:23,33.0,100.0,4.0,24.9027334,120.9912667
08BEAC245F6A,2023-06-30,05:07:30,34.1,100.0,5.0,24.7457187,121.0847249
08BEAC245C7A,2023-06-30,05:07:55,33.1,100.0,7.0,24.649751,120.9531952
08BEAC245F3C,2023-06-30,05:08:03,33.0,81.0,2.0,24.639860153198,121.83334350585
08BEAC252838,2023-06-30,05:08:54,31.7,100.0,2.0,23.819479,121.473126
08BEAC245F4A,2023-06-30,05:09:02,32.7,100.0,1.0,24.5968,121.841078
08BEAC252C20,2023-06-30,05:09:06,31.8,100.0,1.0,24.574514,121.47802
08BEAC245DA6,2023-06-30,05:09:13,31.8,100.0,1.0,23.4844262,120.4874326
08BEAC252820,2023-06-30,05:09:47,34.0,100.0,7.0,24.830241,121.0067357
08BEAC245ED4,2023-06-30,05:09:51,33.6,100.0,1.0,24.61402,121.853386
08BEAC252862,2023-06-30,05:09:57,33.1,100.0,4.0,24.780019,121.180754
08BEAC252AE2,2023-06-30,05:09:59,27.5,100.0,2.0,24.4373287,121.3807443
08BEAC245E02,2023-06-30,05:10:14,32.6,73.0,3.0,24.686842,121.798426
08BEAC245D64,2023-06-30,05:10:19,32.1,82.0,2.0,24.62168,121.834905
08BEAC245B1C,2023-06-30,05:10:24,33.7,100.0,4.0,24.602338,120.77856
08BEAC245CF6,2023-06-30,05:10:56,32.1,100.0,3.0,23.468906434845,120.46094857156
08BEAC2528CE,2023-06-30,05:11:15,33.3,87.0,2.0,24.7530748,121.7550418
08BEAC252B9A,2023-06-30,05:11:21,30.2,100.0,4.0,24.6250013,121.1482569
08BEAC245C4E,2023-06-30,05:11:23,32.5,100.0,4.0,24.374115,120.8436439
08BEAC252BA0,2023-06-30,05:11:44,32.5,100.0,4.0,24.6752335,121.0590723
08BEAC25291A,2023-06-30,05:12:42,33.0,100.0,4.0,24.9027334,120.9912667
08BEAC245F6A,2023-06-30,05:12:44,34.0,100.0,6.0,24.7457187,121.0847249
08BEAC245C7A,2023-06-30,05:13:09,33.1,100.0,6.0,24.649751,120.9531952
08BEAC245F3C,2023-06-30,05:13:20,33.0,81.0,2.0,24.639860153198,121.83334350585
08BEAC252838,2023-06-30,05:14:08,31.7,100.0,2.0,23.819479,121.473126
08BEAC245F4A,2023-06-30,05:14:17,32.7,100.0,1.0,24.5968,121.841078
08BEAC252C20,2023-06-30,05:14:19,32.0,100.0,1.0,24.574514,121.47802
08BEAC245DA6,2023-06-30,05:14:30,31.7,100.0,1.0,23.4844262,120.4874326
08BEAC252820,2023-06-30,05:15:01,34.1,100.0,7.0,24.830241,121.0067357
08BEAC245ED4,2023-06-30,05:15:07,33.6,100.0,1.0,24.61402,121.853386
08BEAC252862,2023-06-30,05:15:12,33.1,100.0,4.0,24.780019,121.180754
08BEAC252AE2,2023-06-30,05:15:17,27.5,100.0,1.0,24.4373287,121.3807443
08BEAC245E02,2023-06-30,05:15:28,32.6,73.0,3.0,24.686842,121.798426
08BEAC245D64,2023-06-30,05:15:33,32.2,82.0,2.0,24.62168,121.834905
08BEAC245B1C,2023-06-30,05:15:41,33.6,100.0,4.0,24.602338,120.77856
08BEAC245CF6,2023-06-30,05:16:11,31.8,100.0,4.0,23.468906434845,120.46094857156
08BEAC2528CE,2023-06-30,05:16:30,33.5,85.0,2.0,24.7530748,121.7550418
08BEAC252B9A,2023-06-30,05:16:35,30.2,100.0,4.0,24.6250013,121.1482569
08BEAC245C4E,2023-06-30,05:16:39,32.6,100.0,3.0,24.374115,120.8436439
08BEAC252BA0,2023-06-30,05:16:58,32.5,100.0,4.0,24.6752335,121.0590723
08BEAC25291A,2023-06-30,05:17:56,33.0,100.0,4.0,24.9027334,120.9912667
08BEAC245F6A,2023-06-30,05:17:59,34.0,100.0,6.0,24.7457187,121.0847249
08BEAC245C7A,2023-06-30,05:18:25,33.1,100.0,6.0,24.649751,120.9531952
08BEAC245F3C,2023-06-30,05:18:35,32.8,81.0,2.0,24.639860153198,121.83334350585
08BEAC252838,2023-06-30,05:19:22,31.7,100.0,2.0,23.819479,121.473126
08BEAC245F4A,2023-06-30,05:19:32,32.7,100.0,1.0,24.5968,121.841078
08BEAC252C20,2023-06-30,05:19:36,32.0,100.0,2.0,24.574514,121.47802
08BEAC245DA6,2023-06-30,05:19:44,31.5,100.0,1.0,23.4844262,120.4874326
08BEAC252820,2023-06-30,05:20:16,34.3,100.0,7.0,24.830241,121.0067357
08BEAC245ED4,2023-06-30,05:20:23,33.6,100.0,1.0,24.61402,121.853386
08BEAC252862,2023-06-30,05:20:28,33.0,100.0,5.0,24.780019,121.180754
08BEAC252AE2,2023-06-30,05:20:33,27.5,100.0,1.0,24.4373287,121.3807443
08BEAC245E02,2023-06-30,05:20:44,32.5,73.0,3.0,24.686842,121.798426
08BEAC245D64,2023-06-30,05:20:48,32.2,83.0,2.0,24.62168,121.834905
08BEAC245B1C,2023-06-30,05:20:54,33.3,100.0,4.0,24.602338,120.77856
08BEAC245CF6,2023-06-30,05:21:27,31.8,100.0,4.0,23.468906434845,120.46094857156
08BEAC2528CE,2023-06-30,05:21:45,33.6,85.0,2.0,24.7530748,121.7550418
08BEAC252B9A,2023-06-30,05:21:49,30.0,100.0,3.0,24.6250013,121.1482569
08BEAC245C4E,2023-06-30,05:21:54,32.7,100.0,4.0,24.374115,120.8436439
08BEAC252BA0,2023-06-30,05:22:11,32.6,100.0,4.0,24.6752335,121.0590723
08BEAC25291A,2023-06-30,05:23:12,33.1,100.0,4.0,24.9027334,120.9912667
08BEAC245F6A,2023-06-30,05:23:14,33.7,100.0,5.0,24.7457187,121.0847249
08BEAC245C7A,2023-06-30,05:23:41,33.1,100.0,7.0,24.649751,120.9531952
08BEAC245F3C,2023-06-30,05:23:50,32.8,81.0,2.0,24.639860153198,121.83334350585
08BEAC252838,2023-06-30,05:24:37,31.5,100.0,2.0,23.819479,121.473126
08BEAC245F4A,2023-06-30,05:24:49,32.5,100.0,1.0,24.5968,121.841078
08BEAC252C20,2023-06-30,05:24:50,32.1,100.0,2.0,24.574514,121.47802
08BEAC245DA6,2023-06-30,05:24:59,31.6,100.0,2.0,23.4844262,120.4874326
08BEAC252820,2023-06-30,05:25:31,34.5,100.0,6.0,24.830241,121.0067357
08BEAC245ED4,2023-06-30,05:25:38,33.6,100.0,1.0,24.61402,121.853386
08BEAC252862,2023-06-30,05:25:42,33.0,100.0,5.0,24.780019,121.180754
08BEAC252AE2,2023-06-30,05:25:48,27.5,100.0,2.0,24.4373287,121.3807443
08BEAC245E02,2023-06-30,05:25:58,32.6,75.0,3.0,24.686842,121.798426
08BEAC245D64,2023-06-30,05:26:01,32.2,84.0,2.0,24.62168,121.834905
08BEAC245B1C,2023-06-30,05:26:09,33.5,100.0,4.0,24.602338,120.77856
08BEAC245CF6,2023-06-30,05:26:42,31.6,100.0,5.0,23.468906434845,120.46094857156
08BEAC2528CE,2023-06-30,05:27:00,33.6,84.0,2.0,24.7530748,121.7550418
08BEAC252B9A,2023-06-30,05:27:06,29.7,100.0,4.0,24.6250013,121.1482569
08BEAC245C4E,2023-06-30,05:27:09,32.6,100.0,4.0,24.374115,120.8436439
08BEAC252BA0,2023-06-30,05:27:26,32.5,100.0,4.0,24.6752335,121.0590723
08BEAC245F6A,2023-06-30,05:28:29,33.6,100.0,6.0,24.7457187,121.0847249
08BEAC25291A,2023-06-30,05:28:30,33.1,100.0,3.0,24.9027334,120.9912667
08BEAC245C7A,2023-06-30,05:28:54,33.1,100.0,7.0,24.649751,120.9531952
08BEAC245F3C,2023-06-30,05:29:04,32.8,83.0,2.0,24.639860153198,121.83334350585
08BEAC252838,2023-06-30,05:29:52,31.3,100.0,2.0,23.819479,121.473126
08BEAC245F4A,2023-06-30,05:30:04,32.5,100.0,1.0,24.5968,121.841078
08BEAC252C20,2023-06-30,05:30:07,32.3,100.0,2.0,24.574514,121.47802
08BEAC245DA6,2023-06-30,05:30:14,31.8,100.0,2.0,23.4844262,120.4874326
08BEAC252820,2023-06-30,05:30:45,34.3,100.0,6.0,24.830241,121.0067357
08BEAC245ED4,2023-06-30,05:30:55,33.5,100.0,1.0,24.61402,121.853386
08BEAC252862,2023-06-30,05:30:59,33.0,100.0,5.0,24.780019,121.180754
08BEAC252AE2,2023-06-30,05:31:07,27.5,100.0,2.0,24.4373287,121.3807443
08BEAC245E02,2023-06-30,05:31:15,32.6,77.0,3.0,24.686842,121.798426
08BEAC245D64,2023-06-30,05:31:16,32.2,83.0,2.0,24.62168,121.834905
08BEAC245B1C,2023-06-30,05:31:24,33.5,100.0,3.0,24.602338,120.77856
08BEAC245CF6,2023-06-30,05:31:59,31.6,100.0,4.0,23.468906434845,120.46094857156
08BEAC2528CE,2023-06-30,05:32:14,33.5,86.0,2.0,24.7530748,121.7550418
08BEAC252B9A,2023-06-30,05:32:19,29.6,100.0,4.0,24.6250013,121.1482569
08BEAC245C4E,2023-06-30,05:32:23,32.5,100.0,4.0,24.374115,120.8436439
08BEAC252BA0,2023-06-30,05:32:42,32.5,100.0,4.0,24.6752335,121.0590723
08BEAC25291A,2023-06-30,05:33:44,33.0,100.0,3.0,24.9027334,120.9912667
08BEAC245F6A,2023-06-30,05:33:46,33.6,100.0,6.0,24.7457187,121.0847249
08BEAC245C7A,2023-06-30,05:34:08,33.2,100.0,6.0,24.649751,120.9531952
08BEAC245F3C,2023-06-30,05:34:18,33.0,83.0,2.0,24.639860153198,121.83334350585
08BEAC252838,2023-06-30,05:35:06,31.3,100.0,6.0,23.819479,121.473126
08BEAC245F4A,2023-06-30,05:35:18,32.5,100.0,1.0,24.5968,121.841078
08BEAC252C20,2023-06-30,05:35:21,32.3,100.0,2.0,24.574514,121.47802
08BEAC245DA6,2023-06-30,05:35:30,32.2,100.0,2.0,23.4844262,120.4874326
08BEAC252820,2023-06-30,05:36:00,34.2,100.0,6.0,24.830241,121.0067357
08BEAC245ED4,2023-06-30,05:36:11,33.6,100.0,1.0,24.61402,121.853386
08BEAC252862,2023-06-30,05:36:14,33.0,100.0,6.0,24.780019,121.180754
08BEAC252AE2,2023-06-30,05:36:23,27.6,100.0,2.0,24.4373287,121.3807443
08BEAC245D64,2023-06-30,05:36:29,32.1,83.0,2.0,24.62168,121.834905
08BEAC245E02,2023-06-30,05:36:30,32.6,77.0,2.0,24.686842,121.798426
08BEAC245B1C,2023-06-30,05:36:40,33.2,100.0,2.0,24.602338,120.77856
08BEAC245CF6,2023-06-30,05:37:14,31.7,100.0,4.0,23.468906434845,120.46094857156
08BEAC2528CE,2023-06-30,05:37:28,33.5,86.0,1.0,24.7530748,121.7550418
08BEAC252B9A,2023-06-30,05:37:34,29.3,100.0,4.0,24.6250013,121.1482569
08BEAC245C4E,2023-06-30,05:37:37,32.3,100.0,4.0,24.374115,120.8436439
08BEAC252BA0,2023-06-30,05:37:56,32.6,100.0,4.0,24.6752335,121.0590723
08BEAC25291A,2023-06-30,05:39:00,33.1,100.0,3.0,24.9027334,120.9912667
08BEAC245F6A,2023-06-30,05:39:03,33.5,100.0,5.0,24.7457187,121.0847249
08BEAC245C7A,2023-06-30,05:39:24,33.2,100.0,7.0,24.649751,120.9531952
08BEAC245F3C,2023-06-30,05:39:34,32.8,82.0,1.0,24.639860153198,121.83334350585
08BEAC252838,2023-06-30,05:40:21,31.2,100.0,7.0,23.819479,121.473126
08BEAC245F4A,2023-06-30,05:40:33,32.3,100.0,1.0,24.5968,121.841078
08BEAC252C20,2023-06-30,05:40:38,32.5,100.0,2.0,24.574514,121.47802
08BEAC245DA6,2023-06-30,05:40:44,32.5,100.0,2.0,23.4844262,120.4874326
08BEAC252820,2023-06-30,05:41:14,34.5,100.0,6.0,24.830241,121.0067357
08BEAC245ED4,2023-06-30,05:41:26,33.6,100.0,1.0,24.61402,121.853386
08BEAC252862,2023-06-30,05:41:28,33.0,100.0,6.0,24.780019,121.180754
08BEAC252AE2,2023-06-30,05:41:41,28.1,100.0,2.0,24.4373287,121.3807443
08BEAC245D64,2023-06-30,05:41:43,32.0,84.0,2.0,24.62168,121.834905
08BEAC245E02,2023-06-30,05:41:44,32.7,79.0,2.0,24.686842,121.798426
08BEAC245B1C,2023-06-30,05:41:57,32.8,100.0,2.0,24.602338,120.77856
08BEAC245CF6,2023-06-30,05:42:31,32.1,100.0,4.0,23.468906434845,120.46094857156
08BEAC2528CE,2023-06-30,05:42:45,33.6,86.0,2.0,24.7530748,121.7550418
08BEAC252B9A,2023-06-30,05:42:48,29.1,100.0,4.0,24.6250013,121.1482569
08BEAC245C4E,2023-06-30,05:42:53,32.2,100.0,5.0,24.374115,120.8436439
08BEAC252BA0,2023-06-30,05:43:10,32.6,100.0,4.0,24.6752335,121.0590723
08BEAC25291A,2023-06-30,05:44:16,33.1,100.0,4.0,24.9027334,120.9912667
08BEAC245F6A,2023-06-30,05:44:21,33.6,100.0,5.0,24.7457187,121.0847249
08BEAC245C7A,2023-06-30,05:44:38,33.2,100.0,6.0,24.649751,120.9531952
08BEAC245F3C,2023-06-30,05:44:52,32.7,81.0,1.0,24.639860153198,121.83334350585
08BEAC252838,2023-06-30,05:45:36,31.2,100.0,9.0,23.819479,121.473126
08BEAC245F4A,2023-06-30,05:45:47,32.3,100.0,1.0,24.5968,121.841078
08BEAC252C20,2023-06-30,05:45:54,32.5,100.0,2.0,24.574514,121.47802
08BEAC245DA6,2023-06-30,05:46:00,32.3,100.0,2.0,23.4844262,120.4874326
08BEAC252820,2023-06-30,05:46:30,34.7,100.0,5.0,24.830241,121.0067357
08BEAC245ED4,2023-06-30,05:46:40,33.3,100.0,1.0,24.61402,121.853386
08BEAC245D64,2023-06-30,05:46:57,31.8,84.0,2.0,24.62168,121.834905
08BEAC245E02,2023-06-30,05:46:59,32.6,78.0,3.0,24.686842,121.798426
08BEAC252AE2,2023-06-30,05:46:59,28.2,100.0,2.0,24.4373287,121.3807443
08BEAC245B1C,2023-06-30,05:47:13,32.8,100.0,3.0,24.602338,120.77856
08BEAC245CF6,2023-06-30,05:47:44,32.1,100.0,4.0,23.468906434845,120.46094857156
08BEAC2528CE,2023-06-30,05:48:04,33.6,87.0,1.0,24.7530748,121.7550418
08BEAC252B9A,2023-06-30,05:48:04,29.1,100.0,4.0,24.6250013,121.1482569
08BEAC245C4E,2023-06-30,05:48:09,32.2,100.0,6.0,24.374115,120.8436439
08BEAC252BA0,2023-06-30,05:48:26,32.6,100.0,4.0,24.6752335,121.0590723
08BEAC25291A,2023-06-30,05:49:31,33.0,100.0,3.0,24.9027334,120.9912667
08BEAC245F6A,2023-06-30,05:49:35,33.6,100.0,6.0,24.7457187,121.0847249
08BEAC245C7A,2023-06-30,05:49:53,33.2,100.0,7.0,24.649751,120.9531952
08BEAC245F3C,2023-06-30,05:50:09,32.7,81.0,2.0,24.639860153198,121.83334350585
08BEAC252838,2023-06-30,05:50:50,31.1,100.0,6.0,23.819479,121.473126
08BEAC245F4A,2023-06-30,05:51:03,32.3,100.0,1.0,24.5968,121.841078
08BEAC252C20,2023-06-30,05:51:08,32.6,100.0,2.0,24.574514,121.47802
08BEAC245DA6,2023-06-30,05:51:15,32.3,100.0,2.0,23.4844262,120.4874326
08BEAC252820,2023-06-30,05:51:45,34.7,100.0,6.0,24.830241,121.0067357
08BEAC245ED4,2023-06-30,05:51:55,33.3,100.0,1.0,24.61402,121.853386
08BEAC245D64,2023-06-30,05:52:11,31.8,84.0,2.0,24.62168,121.834905
08BEAC245E02,2023-06-30,05:52:14,32.7,77.0,2.0,24.686842,121.798426
08BEAC252AE2,2023-06-30,05:52:19,28.3,100.0,2.0,24.4373287,121.3807443
08BEAC252862,2023-06-30,05:52:24,33.0,100.0,6.0,24.780019,121.180754
08BEAC245B1C,2023-06-30,05:52:27,32.6,100.0,3.0,24.602338,120.77856
08BEAC245CF6,2023-06-30,05:53:00,32.1,100.0,4.0,23.468906434845,120.46094857156
08BEAC252B9A,2023-06-30,05:53:17,29.0,100.0,4.0,24.6250013,121.1482569
08BEAC2528CE,2023-06-30,05:53:20,33.6,86.0,2.0,24.7530748,121.7550418
08BEAC245C4E,2023-06-30,05:53:25,32.1,100.0,6.0,24.374115,120.8436439
08BEAC252BA0,2023-06-30,05:53:42,32.6,100.0,4.0,24.6752335,121.0590723
08BEAC25291A,2023-06-30,05:54:47,33.0,100.0,3.0,24.9027334,120.9912667
08BEAC245F6A,2023-06-30,05:54:50,33.6,100.0,5.0,24.7457187,121.0847249
08BEAC245C7A,2023-06-30,05:55:08,33.1,100.0,7.0,24.649751,120.9531952
08BEAC245F3C,2023-06-30,05:55:24,32.7,81.0,2.0,24.639860153198,121.83334350585
08BEAC252838,2023-06-30,05:56:06,31.1,100.0,8.0,23.819479,121.473126
08BEAC245F4A,2023-06-30,05:56:17,32.5,100.0,2.0,24.5968,121.841078
08BEAC252C20,2023-06-30,05:56:24,32.7,100.0,2.0,24.574514,121.47802
08BEAC245DA6,2023-06-30,05:56:30,32.2,100.0,2.0,23.4844262,120.4874326
08BEAC252820,2023-06-30,05:56:59,34.6,100.0,6.0,24.830241,121.0067357
08BEAC245ED4,2023-06-30,05:57:10,33.0,100.0,1.0,24.61402,121.853386
08BEAC245D64,2023-06-30,05:57:26,31.7,84.0,2.0,24.62168,121.834905
08BEAC245E02,2023-06-30,05:57:30,32.7,79.0,2.0,24.686842,121.798426
08BEAC252AE2,2023-06-30,05:57:36,28.5,100.0,2.0,24.4373287,121.3807443
08BEAC252862,2023-06-30,05:57:40,32.8,100.0,6.0,24.780019,121.180754
08BEAC245B1C,2023-06-30,05:57:42,32.5,100.0,3.0,24.602338,120.77856
08BEAC245CF6,2023-06-30,05:58:15,31.7,100.0,4.0,23.468906434845,120.46094857156
08BEAC252B9A,2023-06-30,05:58:33,28.8,100.0,4.0,24.6250013,121.1482569
08BEAC2528CE,2023-06-30,05:58:37,33.6,85.0,2.0,24.7530748,121.7550418
08BEAC245C4E,2023-06-30,05:58:41,31.7,100.0,6.0,24.374115,120.8436439
08BEAC252BA0,2023-06-30,05:58:58,32.5,100.0,4.0,24.6752335,121.0590723
08BEAC25291A,2023-06-30,06:00:03,33.1,100.0,3.0,24.9027334,120.9912667
08BEAC245F6A,2023-06-30,06:00:06,33.5,100.0,5.0,24.7457187,121.0847249
08BEAC245C7A,2023-06-30,06:00:23,33.0,100.0,6.0,24.649751,120.9531952
08BEAC245F3C,2023-06-30,06:00:42,32.6,80.0,2.0,24.639860153198,121.83334350585
08BEAC252838,2023-06-30,06:01:22,31.1,100.0,5.0,23.819479,121.473126
08BEAC245F4A,2023-06-30,06:01:31,32.5,100.0,2.0,24.5968,121.841078
08BEAC245DA6,2023-06-30,06:01:44,32.0,100.0,2.0,23.4844262,120.4874326
08BEAC252820,2023-06-30,06:02:15,34.5,100.0,6.0,24.830241,121.0067357
08BEAC245ED4,2023-06-30,06:02:25,33.1,100.0,1.0,24.61402,121.853386
08BEAC245D64,2023-06-30,06:02:39,31.7,84.0,2.0,24.62168,121.834905
08BEAC245E02,2023-06-30,06:02:48,32.8,77.0,2.0,24.686842,121.798426
08BEAC245B1C,2023-06-30,06:02:58,32.5,100.0,4.0,24.602338,120.77856
08BEAC252862,2023-06-30,06:02:58,32.7,100.0,6.0,24.780019,121.180754
08BEAC252AE2,2023-06-30,06:02:59,28.6,100.0,2.0,24.4373287,121.3807443
08BEAC245CF6,2023-06-30,06:03:30,30.3,100.0,3.0,23.468906434845,120.46094857156
08BEAC252B9A,2023-06-30,06:03:47,28.8,100.0,4.0,24.6250013,121.1482569
08BEAC2528CE,2023-06-30,06:03:52,33.6,85.0,2.0,24.7530748,121.7550418
08BEAC245C4E,2023-06-30,06:03:54,31.2,100.0,6.0,24.374115,120.8436439
08BEAC252BA0,2023-06-30,06:04:12,32.5,100.0,4.0,24.6752335,121.0590723
08BEAC25291A,2023-06-30,06:05:21,33.2,100.0,3.0,24.9027334,120.9912667
08BEAC245F6A,2023-06-30,06:05:23,33.3,100.0,5.0,24.7457187,121.0847249
08BEAC245C7A,2023-06-30,06:05:37,32.8,100.0,7.0,24.649751,120.9531952
08BEAC245F3C,2023-06-30,06:05:59,32.6,81.0,2.0,24.639860153198,121.83334350585
08BEAC252838,2023-06-30,06:06:38,31.1,100.0,3.0,23.819479,121.473126
08BEAC245F4A,2023-06-30,06:06:46,32.5,100.0,1.0,24.5968,121.841078
08BEAC245DA6,2023-06-30,06:06:58,31.0,100.0,1.0,23.4844262,120.4874326
08BEAC252C20,2023-06-30,06:07:18,32.8,100.0,2.0,24.574514,121.47802
08BEAC252820,2023-06-30,06:07:31,34.7,100.0,5.0,24.830241,121.0067357
08BEAC245ED4,2023-06-30,06:07:40,33.1,100.0,1.0,24.61402,121.853386
08BEAC245D64,2023-06-30,06:07:55,31.8,84.0,2.0,24.62168,121.834905
08BEAC245E02,2023-06-30,06:08:03,33.0,76.0,2.0,24.686842,121.798426
08BEAC252862,2023-06-30,06:08:13,32.6,100.0,6.0,24.780019,121.180754
08BEAC245B1C,2023-06-30,06:08:14,32.6,100.0,3.0,24.602338,120.77856
08BEAC252AE2,2023-06-30,06:08:15,28.6,100.0,2.0,24.4373287,121.3807443
08BEAC245CF6,2023-06-30,06:08:45,29.6,100.0,2.0,23.468906434845,120.46094857156
08BEAC252B9A,2023-06-30,06:09:01,28.8,100.0,4.0,24.6250013,121.1482569
08BEAC2528CE,2023-06-30,06:09:08,33.6,86.0,2.0,24.7530748,121.7550418
08BEAC245C4E,2023-06-30,06:09:09,30.5,100.0,8.0,24.374115,120.8436439
08BEAC252BA0,2023-06-30,06:09:26,32.5,100.0,4.0,24.6752335,121.0590723
08BEAC245F6A,2023-06-30,06:10:36,33.5,100.0,5.0,24.7457187,121.0847249
08BEAC25291A,2023-06-30,06:10:38,33.1,100.0,3.0,24.9027334,120.9912667
08BEAC245C7A,2023-06-30,06:10:53,32.6,100.0,8.0,24.649751,120.9531952
08BEAC245F3C,2023-06-30,06:11:16,32.6,80.0,2.0,24.639860153198,121.83334350585
08BEAC252838,2023-06-30,06:11:56,31.1,100.0,2.0,23.819479,121.473126
08BEAC245F4A,2023-06-30,06:12:02,32.3,100.0,1.0,24.5968,121.841078
08BEAC252C20,2023-06-30,06:12:33,32.6,100.0,2.0,24.574514,121.47802
08BEAC252820,2023-06-30,06:12:46,34.6,100.0,4.0,24.830241,121.0067357
08BEAC245ED4,2023-06-30,06:12:56,33.1,100.0,1.0,24.61402,121.853386
08BEAC245D64,2023-06-30,06:13:09,31.8,84.0,2.0,24.62168,121.834905
08BEAC245E02,2023-06-30,06:13:17,32.8,74.0,2.0,24.686842,121.798426
08BEAC252862,2023-06-30,06:13:28,32.6,100.0,6.0,24.780019,121.180754
08BEAC252AE2,2023-06-30,06:13:32,28.5,100.0,2.0,24.4373287,121.3807443
08BEAC245B1C,2023-06-30,06:13:33,32.5,100.0,3.0,24.602338,120.77856
08BEAC245CF6,2023-06-30,06:14:03,29.0,100.0,2.0,23.468906434845,120.46094857156
08BEAC252B9A,2023-06-30,06:14:16,28.7,100.0,5.0,24.6250013,121.1482569
08BEAC2528CE,2023-06-30,06:14:22,33.6,85.0,2.0,24.7530748,121.7550418
08BEAC245C4E,2023-06-30,06:14:25,29.8,100.0,8.0,24.374115,120.8436439
08BEAC252BA0,2023-06-30,06:14:41,32.6,100.0,4.0,24.6752335,121.0590723
08BEAC245F6A,2023-06-30,06:15:56,33.3,100.0,6.0,24.7457187,121.0847249
08BEAC25291A,2023-06-30,06:15:56,33.1,100.0,3.0,24.9027334,120.9912667
08BEAC245C7A,2023-06-30,06:16:09,32.2,100.0,6.0,24.649751,120.9531952
08BEAC245F3C,2023-06-30,06:16:30,32.6,80.0,2.0,24.639860153198,121.83334350585
08BEAC252838,2023-06-30,06:17:13,31.1,100.0,2.0,23.819479,121.473126
08BEAC245F4A,2023-06-30,06:17:17,32.2,100.0,1.0,24.5968,121.841078
08BEAC245DA6,2023-06-30,06:17:24,29.0,100.0,1.0,23.4844262,120.4874326
08BEAC252C20,2023-06-30,06:17:49,32.3,100.0,2.0,24.574514,121.47802
08BEAC252820,2023-06-30,06:18:00,34.7,100.0,3.0,24.830241,121.0067357
08BEAC245ED4,2023-06-30,06:18:12,33.0,100.0,1.0,24.61402,121.853386
08BEAC245D64,2023-06-30,06:18:25,31.7,82.0,2.0,24.62168,121.834905
08BEAC245E02,2023-06-30,06:18:31,32.8,76.0,3.0,24.686842,121.798426
08BEAC252862,2023-06-30,06:18:44,32.5,100.0,6.0,24.780019,121.180754
08BEAC252AE2,2023-06-30,06:18:48,28.5,100.0,2.0,24.4373287,121.3807443
08BEAC245CF6,2023-06-30,06:19:19,28.5,100.0,2.0,23.468906434845,120.46094857156
08BEAC252B9A,2023-06-30,06:19:31,28.8,100.0,5.0,24.6250013,121.1482569
08BEAC2528CE,2023-06-30,06:19:39,33.6,85.0,2.0,24.7530748,121.7550418
08BEAC245C4E,2023-06-30,06:19:42,29.2,100.0,7.0,24.374115,120.8436439
08BEAC252BA0,2023-06-30,06:19:58,32.5,100.0,4.0,24.6752335,121.0590723
08BEAC25291A,2023-06-30,06:21:10,33.1,100.0,3.0,24.9027334,120.9912667
08BEAC245F6A,2023-06-30,06:21:11,33.2,100.0,5.0,24.7457187,121.0847249
08BEAC245C7A,2023-06-30,06:21:27,32.0,100.0,8.0,24.649751,120.9531952
08BEAC245F3C,2023-06-30,06:21:48,32.5,79.0,2.0,24.639860153198,121.83334350585
08BEAC252838,2023-06-30,06:22:30,31.0,100.0,4.0,23.819479,121.473126
08BEAC245F4A,2023-06-30,06:22:33,32.0,100.0,1.0,24.5968,121.841078
08BEAC245DA6,2023-06-30,06:22:38,28.5,100.0,1.0,23.4844262,120.4874326
08BEAC252C20,2023-06-30,06:23:07,32.1,100.0,2.0,24.574514,121.47802
08BEAC252820,2023-06-30,06:23:15,34.7,100.0,3.0,24.830241,121.0067357
08BEAC245ED4,2023-06-30,06:23:27,32.8,100.0,1.0,24.61402,121.853386
08BEAC245D64,2023-06-30,06:23:40,31.7,82.0,2.0,24.62168,121.834905
08BEAC245E02,2023-06-30,06:23:45,33.0,76.0,3.0,24.686842,121.798426
08BEAC245B1C,2023-06-30,06:23:56,32.1,100.0,3.0,24.602338,120.77856
08BEAC252862,2023-06-30,06:23:58,32.6,100.0,6.0,24.780019,121.180754
08BEAC252AE2,2023-06-30,06:24:07,28.5,100.0,2.0,24.4373287,121.3807443
08BEAC245CF6,2023-06-30,06:24:35,28.2,100.0,2.0,23.468906434845,120.46094857156
08BEAC252B9A,2023-06-30,06:24:45,28.8,100.0,6.0,24.6250013,121.1482569
08BEAC2528CE,2023-06-30,06:24:54,33.5,86.0,2.0,24.7530748,121.7550418
08BEAC245C4E,2023-06-30,06:24:59,29.1,100.0,7.0,24.374115,120.8436439
08BEAC252BA0,2023-06-30,06:25:17,32.2,100.0,4.0,24.6752335,121.0590723
08BEAC25291A,2023-06-30,06:26:26,33.1,100.0,3.0,24.9027334,120.9912667
08BEAC245F6A,2023-06-30,06:26:28,33.1,100.0,5.0,24.7457187,121.0847249
08BEAC245C7A,2023-06-30,06:26:42,31.7,100.0,7.0,24.649751,120.9531952
08BEAC245F3C,2023-06-30,06:27:05,32.3,78.0,2.0,24.639860153198,121.83334350585
08BEAC252838,2023-06-30,06:27:46,30.8,100.0,4.0,23.819479,121.473126
08BEAC245F4A,2023-06-30,06:27:50,32.0,100.0,1.0,24.5968,121.841078
08BEAC245DA6,2023-06-30,06:27:58,28.6,100.0,1.0,23.4844262,120.4874326
08BEAC252C20,2023-06-30,06:28:22,31.8,100.0,2.0,24.574514,121.47802
08BEAC252820,2023-06-30,06:28:31,34.7,100.0,3.0,24.830241,121.0067357
08BEAC245ED4,2023-06-30,06:28:44,32.6,100.0,1.0,24.61402,121.853386
08BEAC245D64,2023-06-30,06:28:57,31.6,82.0,2.0,24.62168,121.834905
08BEAC245E02,2023-06-30,06:28:58,33.0,75.0,3.0,24.686842,121.798426
08BEAC252862,2023-06-30,06:29:14,32.8,100.0,6.0,24.780019,121.180754
08BEAC245B1C,2023-06-30,06:29:15,31.8,100.0,3.0,24.602338,120.77856
08BEAC252AE2,2023-06-30,06:29:29,28.5,100.0,2.0,24.4373287,121.3807443
08BEAC245CF6,2023-06-30,06:29:50,28.3,100.0,2.0,23.468906434845,120.46094857156
08BEAC252B9A,2023-06-30,06:30:03,28.8,100.0,5.0,24.6250013,121.1482569
08BEAC2528CE,2023-06-30,06:30:10,33.5,89.0,2.0,24.7530748,121.7550418
08BEAC245C4E,2023-06-30,06:30:14,28.7,100.0,6.0,24.374115,120.8436439
08BEAC252BA0,2023-06-30,06:30:35,32.1,100.0,4.0,24.6752335,121.0590723
08BEAC25291A,2023-06-30,06:31:41,33.0,100.0,3.0,24.9027334,120.9912667
08BEAC245F6A,2023-06-30,06:31:43,33.0,100.0,5.0,24.7457187,121.0847249
08BEAC245F3C,2023-06-30,06:32:20,32.2,79.0,10.0,24.639860153198,121.83334350585
08BEAC252838,2023-06-30,06:33:02,30.8,100.0,3.0,23.819479,121.473126
08BEAC245F4A,2023-06-30,06:33:06,32.1,100.0,1.0,24.5968,121.841078
08BEAC245DA6,2023-06-30,06:33:14,28.7,100.0,1.0,23.4844262,120.4874326
08BEAC252C20,2023-06-30,06:33:36,31.6,100.0,3.0,24.574514,121.47802
08BEAC252820,2023-06-30,06:33:46,34.8,100.0,3.0,24.830241,121.0067357
08BEAC245ED4,2023-06-30,06:34:00,32.6,100.0,1.0,24.61402,121.853386
08BEAC245D64,2023-06-30,06:34:11,31.6,82.0,1.0,24.62168,121.834905
08BEAC245E02,2023-06-30,06:34:17,32.8,76.0,3.0,24.686842,121.798426
08BEAC252862,2023-06-30,06:34:29,32.8,100.0,6.0,24.780019,121.180754
08BEAC245B1C,2023-06-30,06:34:31,32.0,100.0,3.0,24.602338,120.77856
08BEAC252AE2,2023-06-30,06:34:45,28.3,100.0,3.0,24.4373287,121.3807443
08BEAC245CF6,2023-06-30,06:35:06,28.6,100.0,2.0,23.468906434845,120.46094857156
08BEAC252B9A,2023-06-30,06:35:17,28.8,100.0,5.0,24.6250013,121.1482569
08BEAC2528CE,2023-06-30,06:35:25,33.5,90.0,2.0,24.7530748,121.7550418
08BEAC245C4E,2023-06-30,06:35:29,28.7,100.0,5.0,24.374115,120.8436439
08BEAC252BA0,2023-06-30,06:35:48,32.0,100.0,4.0,24.6752335,121.0590723
08BEAC25291A,2023-06-30,06:36:57,33.0,100.0,3.0,24.9027334,120.9912667
08BEAC245F6A,2023-06-30,06:36:59,33.0,100.0,5.0,24.7457187,121.0847249
08BEAC245F3C,2023-06-30,06:37:36,32.2,79.0,11.0,24.639860153198,121.83334350585
08BEAC252838,2023-06-30,06:38:19,30.8,100.0,2.0,23.819479,121.473126
08BEAC245F4A,2023-06-30,06:38:22,32.0,100.0,1.0,24.5968,121.841078
08BEAC245DA6,2023-06-30,06:38:29,29.0,100.0,1.0,23.4844262,120.4874326
08BEAC252C20,2023-06-30,06:38:51,31.2,100.0,3.0,24.574514,121.47802
08BEAC252820,2023-06-30,06:39:01,34.6,100.0,3.0,24.830241,121.0067357
08BEAC245ED4,2023-06-30,06:39:15,32.3,100.0,1.0,24.61402,121.853386
08BEAC245D64,2023-06-30,06:39:26,31.6,82.0,1.0,24.62168,121.834905
08BEAC245E02,2023-06-30,06:39:32,32.7,74.0,2.0,24.686842,121.798426
08BEAC252862,2023-06-30,06:39:43,33.0,100.0,6.0,24.780019,121.180754
08BEAC245B1C,2023-06-30,06:39:49,32.0,100.0,3.0,24.602338,120.77856
08BEAC252AE2,2023-06-30,06:40:03,28.2,100.0,3.0,24.4373287,121.3807443
08BEAC245CF6,2023-06-30,06:40:21,28.7,100.0,2.0,23.468906434845,120.46094857156
08BEAC252B9A,2023-06-30,06:40:33,29.0,100.0,5.0,24.6250013,121.1482569
08BEAC2528CE,2023-06-30,06:40:42,33.3,91.0,2.0,24.7530748,121.7550418
08BEAC245C4E,2023-06-30,06:40:44,28.7,100.0,5.0,24.374115,120.8436439
08BEAC252BA0,2023-06-30,06:41:04,31.8,100.0,4.0,24.6752335,121.0590723
08BEAC25291A,2023-06-30,06:42:10,33.1,100.0,3.0,24.9027334,120.9912667
08BEAC245F6A,2023-06-30,06:42:14,32.6,100.0,5.0,24.7457187,121.0847249
08BEAC245F3C,2023-06-30,06:42:52,32.2,77.0,10.0,24.639860153198,121.83334350585
08BEAC245C7A,2023-06-30,06:43:24,31.0,100.0,5.0,24.649751,120.9531952
08BEAC252838,2023-06-30,06:43:33,30.7,100.0,5.0,23.819479,121.473126
08BEAC245F4A,2023-06-30,06:43:38,32.0,100.0,1.0,24.5968,121.841078
08BEAC245DA6,2023-06-30,06:43:45,29.1,100.0,1.0,23.4844262,120.4874326
08BEAC252C20,2023-06-30,06:44:07,30.8,100.0,3.0,24.574514,121.47802
08BEAC252820,2023-06-30,06:44:15,34.1,100.0,4.0,24.830241,121.0067357
08BEAC245ED4,2023-06-30,06:44:29,32.3,100.0,1.0,24.61402,121.853386
08BEAC245D64,2023-06-30,06:44:41,31.6,83.0,1.0,24.62168,121.834905
08BEAC245E02,2023-06-30,06:44:48,32.7,75.0,2.0,24.686842,121.798426
08BEAC252862,2023-06-30,06:44:57,32.7,100.0,6.0,24.780019,121.180754
08BEAC245B1C,2023-06-30,06:45:05,32.0,100.0,3.0,24.602338,120.77856
08BEAC252AE2,2023-06-30,06:45:18,27.7,100.0,3.0,24.4373287,121.3807443
08BEAC245CF6,2023-06-30,06:45:36,28.8,100.0,2.0,23.468906434845,120.46094857156
08BEAC252B9A,2023-06-30,06:45:47,29.0,100.0,5.0,24.6250013,121.1482569
08BEAC2528CE,2023-06-30,06:45:56,33.2,91.0,2.0,24.7530748,121.7550418
08BEAC245C4E,2023-06-30,06:46:01,28.7,100.0,5.0,24.374115,120.8436439
08BEAC252BA0,2023-06-30,06:46:19,31.7,100.0,3.0,24.6752335,121.0590723
08BEAC245F6A,2023-06-30,06:47:31,32.6,100.0,6.0,24.7457187,121.0847249
08BEAC25291A,2023-06-30,06:47:33,33.0,100.0,3.0,24.9027334,120.9912667
08BEAC245F3C,2023-06-30,06:48:11,32.2,79.0,2.0,24.639860153198,121.83334350585
08BEAC245C7A,2023-06-30,06:48:42,31.0,100.0,5.0,24.649751,120.9531952
08BEAC252838,2023-06-30,06:48:48,30.7,100.0,2.0,23.819479,121.473126
08BEAC245F4A,2023-06-30,06:48:55,32.0,100.0,1.0,24.5968,121.841078
08BEAC245DA6,2023-06-30,06:48:59,29.2,100.0,1.0,23.4844262,120.4874326
08BEAC252C20,2023-06-30,06:49:21,30.5,100.0,3.0,24.574514,121.47802
08BEAC252820,2023-06-30,06:49:36,33.8,100.0,4.0,24.830241,121.0067357
08BEAC245ED4,2023-06-30,06:49:44,32.5,100.0,1.0,24.61402,121.853386
08BEAC245D64,2023-06-30,06:49:56,31.6,84.0,1.0,24.62168,121.834905
08BEAC245E02,2023-06-30,06:50:02,32.6,75.0,2.0,24.686842,121.798426
08BEAC252862,2023-06-30,06:50:19,32.7,100.0,6.0,24.780019,121.180754
08BEAC245B1C,2023-06-30,06:50:21,32.1,100.0,4.0,24.602338,120.77856
08BEAC252AE2,2023-06-30,06:50:46,27.5,100.0,3.0,24.4373287,121.3807443
08BEAC245CF6,2023-06-30,06:50:52,28.8,100.0,3.0,23.468906434845,120.46094857156
08BEAC252B9A,2023-06-30,06:51:01,29.1,100.0,5.0,24.6250013,121.1482569
08BEAC245C4E,2023-06-30,06:51:16,28.7,100.0,6.0,24.374115,120.8436439
08BEAC2528CE,2023-06-30,06:51:19,33.1,93.0,2.0,24.7530748,121.7550418
08BEAC252BA0,2023-06-30,06:51:33,31.7,100.0,3.0,24.6752335,121.0590723
08BEAC245F6A,2023-06-30,06:52:47,32.3,100.0,5.0,24.7457187,121.0847249
08BEAC25291A,2023-06-30,06:52:47,33.0,100.0,3.0,24.9027334,120.9912667
08BEAC245F3C,2023-06-30,06:53:25,32.2,79.0,1.0,24.639860153198,121.83334350585
08BEAC245C7A,2023-06-30,06:54:00,31.1,100.0,5.0,24.649751,120.9531952
08BEAC252838,2023-06-30,06:54:13,30.6,100.0,3.0,23.819479,121.473126
08BEAC245F4A,2023-06-30,06:54:16,32.0,100.0,1.0,24.5968,121.841078
08BEAC245DA6,2023-06-30,06:54:27,29.3,100.0,1.0,23.4844262,120.4874326
08BEAC252C20,2023-06-30,06:54:35,30.3,100.0,3.0,24.574514,121.47802
08BEAC245ED4,2023-06-30,06:54:58,32.5,100.0,1.0,24.61402,121.853386
08BEAC252820,2023-06-30,06:54:59,34.0,100.0,4.0,24.830241,121.0067357
08BEAC245D64,2023-06-30,06:55:13,31.6,83.0,1.0,24.62168,121.834905
08BEAC245E02,2023-06-30,06:55:20,32.5,75.0,2.0,24.686842,121.798426
08BEAC252862,2023-06-30,06:55:35,32.7,100.0,5.0,24.780019,121.180754
08BEAC245B1C,2023-06-30,06:55:41,32.3,100.0,3.0,24.602338,120.77856
08BEAC245CF6,2023-06-30,06:56:09,28.8,100.0,2.0,23.468906434845,120.46094857156
08BEAC252B9A,2023-06-30,06:56:14,29.1,100.0,5.0,24.6250013,121.1482569
08BEAC252AE2,2023-06-30,06:56:18,27.3,100.0,4.0,24.4373287,121.3807443
08BEAC245C4E,2023-06-30,06:56:32,28.6,100.0,7.0,24.374115,120.8436439
08BEAC2528CE,2023-06-30,06:56:36,33.0,92.0,2.0,24.7530748,121.7550418
08BEAC252BA0,2023-06-30,06:56:48,31.7,100.0,3.0,24.6752335,121.0590723
08BEAC245F6A,2023-06-30,06:58:03,32.3,100.0,4.0,24.7457187,121.0847249
08BEAC25291A,2023-06-30,06:58:03,33.1,100.0,3.0,24.9027334,120.9912667
08BEAC245F3C,2023-06-30,06:58:41,32.3,80.0,1.0,24.639860153198,121.83334350585
08BEAC245C7A,2023-06-30,06:59:16,31.1,100.0,5.0,24.649751,120.9531952
08BEAC252838,2023-06-30,06:59:34,30.5,100.0,7.0,23.819479,121.473126
08BEAC245DA6,2023-06-30,06:59:41,29.3,100.0,1.0,23.4844262,120.4874326
08BEAC245F4A,2023-06-30,06:59:44,32.0,100.0,1.0,24.5968,121.841078
08BEAC252C20,2023-06-30,07:00:13,30.2,100.0,3.0,24.574514,121.47802
08BEAC245ED4,2023-06-30,07:00:16,32.2,100.0,1.0,24.61402,121.853386
08BEAC252820,2023-06-30,07:00:22,34.5,100.0,3.0,24.830241,121.0067357
08BEAC245D64,2023-06-30,07:00:28,31.5,83.0,1.0,24.62168,121.834905
08BEAC245E02,2023-06-30,07:00:35,32.5,75.0,2.0,24.686842,121.798426
08BEAC252862,2023-06-30,07:00:48,32.7,100.0,5.0,24.780019,121.180754
08BEAC245B1C,2023-06-30,07:00:56,32.3,100.0,4.0,24.602338,120.77856
08BEAC245CF6,2023-06-30,07:01:26,29.0,100.0,2.0,23.468906434845,120.46094857156
08BEAC252B9A,2023-06-30,07:01:34,29.0,100.0,6.0,24.6250013,121.1482569
08BEAC252AE2,2023-06-30,07:01:39,27.0,100.0,4.0,24.4373287,121.3807443
08BEAC245C4E,2023-06-30,07:01:55,28.5,100.0,7.0,24.374115,120.8436439
08BEAC2528CE,2023-06-30,07:01:57,32.8,92.0,2.0,24.7530748,121.7550418
08BEAC252BA0,2023-06-30,07:02:05,31.6,100.0,4.0,24.6752335,121.0590723
08BEAC25291A,2023-06-30,07:03:27,33.0,100.0,3.0,24.9027334,120.9912667
08BEAC245F6A,2023-06-30,07:03:30,32.3,100.0,4.0,24.7457187,121.0847249
08BEAC245C7A,2023-06-30,07:04:32,31.3,100.0,5.0,24.649751,120.9531952
08BEAC252838,2023-06-30,07:04:49,30.5,100.0,2.0,23.819479,121.473126
08BEAC245DA6,2023-06-30,07:05:01,29.3,100.0,1.0,23.4844262,120.4874326
08BEAC245F4A,2023-06-30,07:05:04,31.8,100.0,1.0,24.5968,121.841078
08BEAC252C20,2023-06-30,07:05:32,30.2,100.0,3.0,24.574514,121.47802
08BEAC245ED4,2023-06-30,07:05:34,32.1,100.0,1.0,24.61402,121.853386
08BEAC252820,2023-06-30,07:05:40,34.2,100.0,3.0,24.830241,121.0067357
08BEAC245D64,2023-06-30,07:05:45,31.5,84.0,1.0,24.62168,121.834905
08BEAC245E02,2023-06-30,07:05:49,32.5,75.0,1.0,24.686842,121.798426
08BEAC252862,2023-06-30,07:06:03,32.6,100.0,5.0,24.780019,121.180754
08BEAC245B1C,2023-06-30,07:06:13,32.1,100.0,4.0,24.602338,120.77856
08BEAC245CF6,2023-06-30,07:06:48,29.1,100.0,3.0,23.468906434845,120.46094857156
08BEAC252B9A,2023-06-30,07:06:50,28.8,100.0,7.0,24.6250013,121.1482569
08BEAC252AE2,2023-06-30,07:06:56,27.0,100.0,5.0,24.4373287,121.3807443
08BEAC245C4E,2023-06-30,07:07:11,28.5,100.0,5.0,24.374115,120.8436439
08BEAC2528CE,2023-06-30,07:07:16,32.7,93.0,2.0,24.7530748,121.7550418
08BEAC252BA0,2023-06-30,07:07:24,31.6,100.0,4.0,24.6752335,121.0590723
08BEAC245F6A,2023-06-30,07:08:44,32.3,100.0,3.0,24.7457187,121.0847249
08BEAC25291A,2023-06-30,07:08:48,33.0,100.0,3.0,24.9027334,120.9912667
08BEAC245F3C,2023-06-30,07:09:45,32.2,78.0,1.0,24.639860153198,121.83334350585
08BEAC245C7A,2023-06-30,07:09:46,31.3,100.0,6.0,24.649751,120.9531952
08BEAC252838,2023-06-30,07:10:13,30.3,100.0,3.0,23.819479,121.473126
08BEAC245DA6,2023-06-30,07:10:20,29.5,100.0,1.0,23.4844262,120.4874326
08BEAC245F4A,2023-06-30,07:10:24,31.8,100.0,1.0,24.5968,121.841078
08BEAC252C20,2023-06-30,07:10:47,30.1,100.0,3.0,24.574514,121.47802
08BEAC245ED4,2023-06-30,07:10:51,31.8,100.0,1.0,24.61402,121.853386
08BEAC252820,2023-06-30,07:10:54,34.0,100.0,3.0,24.830241,121.0067357
08BEAC245D64,2023-06-30,07:10:59,31.5,84.0,1.0,24.62168,121.834905
08BEAC245E02,2023-06-30,07:11:03,32.3,76.0,1.0,24.686842,121.798426
08BEAC252862,2023-06-30,07:11:24,32.7,100.0,5.0,24.780019,121.180754
08BEAC245B1C,2023-06-30,07:11:34,32.1,100.0,4.0,24.602338,120.77856
08BEAC245CF6,2023-06-30,07:12:04,29.1,100.0,3.0,23.468906434845,120.46094857156
08BEAC252B9A,2023-06-30,07:12:05,28.6,100.0,7.0,24.6250013,121.1482569
08BEAC252AE2,2023-06-30,07:12:12,26.8,100.0,5.0,24.4373287,121.3807443
08BEAC245C4E,2023-06-30,07:12:28,28.3,100.0,4.0,24.374115,120.8436439
08BEAC2528CE,2023-06-30,07:12:32,32.6,94.0,2.0,24.7530748,121.7550418
08BEAC252BA0,2023-06-30,07:12:48,31.7,100.0,4.0,24.6752335,121.0590723
08BEAC245F6A,2023-06-30,07:14:02,32.2,100.0,4.0,24.7457187,121.0847249
08BEAC25291A,2023-06-30,07:14:03,33.0,100.0,4.0,24.9027334,120.9912667
08BEAC245F3C,2023-06-30,07:15:01,32.0,78.0,1.0,24.639860153198,121.83334350585
08BEAC245C7A,2023-06-30,07:15:03,31.5,100.0,6.0,24.649751,120.9531952
08BEAC252838,2023-06-30,07:15:28,30.1,100.0,2.0,23.819479,121.473126
08BEAC245DA6,2023-06-30,07:15:39,29.6,100.0,1.0,23.4844262,120.4874326
08BEAC245F4A,2023-06-30,07:15:43,31.7,100.0,1.0,24.5968,121.841078
08BEAC252C20,2023-06-30,07:16:02,29.8,100.0,3.0,24.574514,121.47802
08BEAC245ED4,2023-06-30,07:16:08,31.8,100.0,1.0,24.61402,121.853386
08BEAC252820,2023-06-30,07:16:10,33.7,100.0,3.0,24.830241,121.0067357
08BEAC245D64,2023-06-30,07:16:12,31.3,83.0,1.0,24.62168,121.834905
08BEAC245E02,2023-06-30,07:16:19,32.3,77.0,2.0,24.686842,121.798426
08BEAC252862,2023-06-30,07:16:39,32.7,100.0,5.0,24.780019,121.180754
08BEAC245B1C,2023-06-30,07:16:48,32.1,100.0,4.0,24.602338,120.77856
08BEAC245CF6,2023-06-30,07:17:18,29.2,100.0,3.0,23.468906434845,120.46094857156
08BEAC252B9A,2023-06-30,07:17:19,28.5,100.0,7.0,24.6250013,121.1482569
08BEAC252AE2,2023-06-30,07:17:28,26.2,100.0,5.0,24.4373287,121.3807443
08BEAC245C4E,2023-06-30,07:17:44,28.3,100.0,3.0,24.374115,120.8436439
08BEAC2528CE,2023-06-30,07:17:50,32.3,96.0,3.0,24.7530748,121.7550418
08BEAC252BA0,2023-06-30,07:18:03,31.7,100.0,5.0,24.6752335,121.0590723
08BEAC245F6A,2023-06-30,07:19:21,32.5,100.0,4.0,24.7457187,121.0847249
08BEAC25291A,2023-06-30,07:19:21,33.0,100.0,4.0,24.9027334,120.9912667
08BEAC245F3C,2023-06-30,07:20:15,31.8,78.0,1.0,24.639860153198,121.83334350585
08BEAC245C7A,2023-06-30,07:20:20,31.6,100.0,5.0,24.649751,120.9531952
08BEAC252838,2023-06-30,07:20:45,30.0,100.0,2.0,23.819479,121.473126
08BEAC245DA6,2023-06-30,07:20:52,29.6,100.0,2.0,23.4844262,120.4874326
08BEAC245F4A,2023-06-30,07:21:00,31.7,100.0,1.0,24.5968,121.841078
08BEAC252C20,2023-06-30,07:21:20,29.8,100.0,3.0,24.574514,121.47802
08BEAC245ED4,2023-06-30,07:21:23,31.8,100.0,1.0,24.61402,121.853386
08BEAC252820,2023-06-30,07:21:24,33.8,100.0,4.0,24.830241,121.0067357
08BEAC245D64,2023-06-30,07:21:28,31.3,83.0,1.0,24.62168,121.834905
08BEAC245E02,2023-06-30,07:21:34,32.3,77.0,1.0,24.686842,121.798426
08BEAC252862,2023-06-30,07:21:56,32.7,100.0,5.0,24.780019,121.180754
08BEAC245B1C,2023-06-30,07:22:06,32.1,100.0,3.0,24.602338,120.77856
08BEAC245CF6,2023-06-30,07:22:34,29.3,100.0,3.0,23.468906434845,120.46094857156
08BEAC252B9A,2023-06-30,07:22:34,28.3,100.0,7.0,24.6250013,121.1482569
08BEAC252AE2,2023-06-30,07:22:44,26.2,100.0,6.0,24.4373287,121.3807443
08BEAC245C4E,2023-06-30,07:22:59,28.5,100.0,3.0,24.374115,120.8436439
08BEAC2528CE,2023-06-30,07:23:05,32.3,96.0,5.0,24.7530748,121.7550418
08BEAC252BA0,2023-06-30,07:23:17,31.7,100.0,5.0,24.6752335,121.0590723
08BEAC25291A,2023-06-30,07:24:35,33.0,100.0,3.0,24.9027334,120.9912667
08BEAC245F6A,2023-06-30,07:24:36,32.6,100.0,4.0,24.7457187,121.0847249
08BEAC245F3C,2023-06-30,07:25:30,31.8,78.0,1.0,24.639860153198,121.83334350585
08BEAC245C7A,2023-06-30,07:25:35,31.8,100.0,4.0,24.649751,120.9531952
08BEAC252838,2023-06-30,07:25:59,29.7,100.0,3.0,23.819479,121.473126
08BEAC245DA6,2023-06-30,07:26:07,29.6,100.0,2.0,23.4844262,120.4874326
08BEAC245F4A,2023-06-30,07:26:16,31.7,100.0,1.0,24.5968,121.841078
08BEAC252C20,2023-06-30,07:26:36,29.7,100.0,3.0,24.574514,121.47802
08BEAC245ED4,2023-06-30,07:26:38,31.6,100.0,1.0,24.61402,121.853386
08BEAC252820,2023-06-30,07:26:40,33.8,100.0,4.0,24.830241,121.0067357
08BEAC245D64,2023-06-30,07:26:44,31.2,83.0,1.0,24.62168,121.834905
08BEAC245E02,2023-06-30,07:26:52,32.2,78.0,1.0,24.686842,121.798426
08BEAC252862,2023-06-30,07:27:11,32.7,100.0,5.0,24.780019,121.180754
08BEAC245B1C,2023-06-30,07:27:21,32.1,100.0,2.0,24.602338,120.77856
08BEAC245CF6,2023-06-30,07:27:49,29.3,100.0,3.0,23.468906434845,120.46094857156
08BEAC252B9A,2023-06-30,07:27:50,28.2,100.0,7.0,24.6250013,121.1482569
08BEAC252AE2,2023-06-30,07:28:06,26.0,100.0,6.0,24.4373287,121.3807443
08BEAC245C4E,2023-06-30,07:28:16,28.6,100.0,3.0,24.374115,120.8436439
08BEAC2528CE,2023-06-30,07:28:23,32.2,97.0,6.0,24.7530748,121.7550418
08BEAC252BA0,2023-06-30,07:28:35,31.8,100.0,4.0,24.6752335,121.0590723
08BEAC25291A,2023-06-30,07:29:49,33.0,100.0,4.0,24.9027334,120.9912667
08BEAC245F6A,2023-06-30,07:29:52,32.6,100.0,5.0,24.7457187,121.0847249
08BEAC245F3C,2023-06-30,07:30:45,31.7,78.0,1.0,24.639860153198,121.83334350585
08BEAC245C7A,2023-06-30,07:30:50,31.8,100.0,5.0,24.649751,120.9531952
08BEAC245DA6,2023-06-30,07:31:22,30.0,100.0,2.0,23.4844262,120.4874326
08BEAC252838,2023-06-30,07:31:25,29.6,100.0,6.0,23.819479,121.473126
08BEAC245F4A,2023-06-30,07:31:32,31.6,100.0,1.0,24.5968,121.841078
08BEAC252C20,2023-06-30,07:31:52,29.8,100.0,3.0,24.574514,121.47802
08BEAC245ED4,2023-06-30,07:31:53,31.6,100.0,1.0,24.61402,121.853386
08BEAC252820,2023-06-30,07:31:57,34.1,100.0,4.0,24.830241,121.0067357
08BEAC245D64,2023-06-30,07:32:00,31.2,83.0,1.0,24.62168,121.834905
08BEAC245E02,2023-06-30,07:32:08,32.3,80.0,2.0,24.686842,121.798426
08BEAC252862,2023-06-30,07:32:26,32.7,100.0,5.0,24.780019,121.180754
08BEAC245B1C,2023-06-30,07:32:38,32.2,100.0,2.0,24.602338,120.77856
08BEAC245CF6,2023-06-30,07:33:05,29.5,100.0,4.0,23.468906434845,120.46094857156
08BEAC252B9A,2023-06-30,07:33:06,28.2,100.0,7.0,24.6250013,121.1482569
08BEAC252AE2,2023-06-30,07:33:29,25.8,100.0,6.0,24.4373287,121.3807443
08BEAC245C4E,2023-06-30,07:33:32,28.6,100.0,3.0,24.374115,120.8436439
08BEAC2528CE,2023-06-30,07:33:38,32.1,98.0,7.0,24.7530748,121.7550418
08BEAC252BA0,2023-06-30,07:33:49,32.0,100.0,5.0,24.6752335,121.0590723
08BEAC25291A,2023-06-30,07:35:06,33.1,100.0,3.0,24.9027334,120.9912667
08BEAC245F6A,2023-06-30,07:35:07,32.5,100.0,5.0,24.7457187,121.0847249
08BEAC245F3C,2023-06-30,07:36:01,31.7,78.0,1.0,24.639860153198,121.83334350585
08BEAC245C7A,2023-06-30,07:36:05,32.0,100.0,4.0,24.649751,120.9531952
08BEAC245DA6,2023-06-30,07:36:36,30.1,100.0,2.0,23.4844262,120.4874326
08BEAC252838,2023-06-30,07:36:39,29.6,100.0,4.0,23.819479,121.473126
08BEAC245F4A,2023-06-30,07:36:47,31.6,100.0,1.0,24.5968,121.841078
08BEAC252C20,2023-06-30,07:37:07,29.8,100.0,3.0,24.574514,121.47802
08BEAC245ED4,2023-06-30,07:37:08,31.7,100.0,1.0,24.61402,121.853386
08BEAC245D64,2023-06-30,07:37:18,31.2,83.0,1.0,24.62168,121.834905
08BEAC245E02,2023-06-30,07:37:21,32.2,82.0,2.0,24.686842,121.798426
08BEAC252862,2023-06-30,07:37:42,32.7,100.0,5.0,24.780019,121.180754
08BEAC245B1C,2023-06-30,07:37:54,32.5,100.0,2.0,24.602338,120.77856
08BEAC245CF6,2023-06-30,07:38:20,29.6,100.0,4.0,23.468906434845,120.46094857156
08BEAC252B9A,2023-06-30,07:38:23,28.2,100.0,7.0,24.6250013,121.1482569
08BEAC252AE2,2023-06-30,07:38:45,25.7,100.0,7.0,24.4373287,121.3807443
08BEAC245C4E,2023-06-30,07:38:50,28.5,100.0,3.0,24.374115,120.8436439
08BEAC2528CE,2023-06-30,07:38:53,32.0,98.0,5.0,24.7530748,121.7550418
08BEAC252BA0,2023-06-30,07:39:04,32.0,100.0,5.0,24.6752335,121.0590723
08BEAC25291A,2023-06-30,07:40:20,33.0,100.0,4.0,24.9027334,120.9912667
08BEAC245F6A,2023-06-30,07:40:22,32.5,100.0,5.0,24.7457187,121.0847249
08BEAC245F3C,2023-06-30,07:41:16,31.7,82.0,1.0,24.639860153198,121.83334350585
08BEAC245C7A,2023-06-30,07:41:20,32.1,100.0,5.0,24.649751,120.9531952
08BEAC245DA6,2023-06-30,07:41:52,30.1,100.0,2.0,23.4844262,120.4874326
08BEAC252838,2023-06-30,07:41:55,29.5,100.0,3.0,23.819479,121.473126
08BEAC245F4A,2023-06-30,07:42:02,31.6,100.0,1.0,24.5968,121.841078
08BEAC252820,2023-06-30,07:42:20,34.0,100.0,4.0,24.830241,121.0067357
08BEAC252C20,2023-06-30,07:42:23,29.8,100.0,3.0,24.574514,121.47802
08BEAC245ED4,2023-06-30,07:42:24,31.8,100.0,1.0,24.61402,121.853386
08BEAC245D64,2023-06-30,07:42:32,31.2,85.0,1.0,24.62168,121.834905
08BEAC245E02,2023-06-30,07:42:39,32.3,84.0,2.0,24.686842,121.798426
08BEAC252862,2023-06-30,07:42:57,32.6,100.0,5.0,24.780019,121.180754
08BEAC245B1C,2023-06-30,07:43:09,32.5,100.0,2.0,24.602338,120.77856
08BEAC245CF6,2023-06-30,07:43:37,29.7,100.0,4.0,23.468906434845,120.46094857156
08BEAC252B9A,2023-06-30,07:43:38,28.2,100.0,7.0,24.6250013,121.1482569
08BEAC245C4E,2023-06-30,07:44:04,28.6,100.0,3.0,24.374115,120.8436439
08BEAC2528CE,2023-06-30,07:44:11,31.8,99.0,2.0,24.7530748,121.7550418
08BEAC252BA0,2023-06-30,07:44:18,32.1,100.0,4.0,24.6752335,121.0590723
08BEAC25291A,2023-06-30,07:45:35,32.8,100.0,4.0,24.9027334,120.9912667
08BEAC245F6A,2023-06-30,07:45:37,32.7,100.0,5.0,24.7457187,121.0847249
08BEAC245F3C,2023-06-30,07:46:31,31.7,83.0,2.0,24.639860153198,121.83334350585
08BEAC245C7A,2023-06-30,07:46:35,32.1,100.0,4.0,24.649751,120.9531952
08BEAC245DA6,2023-06-30,07:47:08,30.1,100.0,2.0,23.4844262,120.4874326
08BEAC252838,2023-06-30,07:47:10,29.2,100.0,8.0,23.819479,121.473126
08BEAC245F4A,2023-06-30,07:47:17,31.6,100.0,1.0,24.5968,121.841078
08BEAC252820,2023-06-30,07:47:36,34.2,100.0,4.0,24.830241,121.0067357
08BEAC252C20,2023-06-30,07:47:38,29.7,100.0,3.0,24.574514,121.47802
08BEAC245ED4,2023-06-30,07:47:41,31.8,100.0,1.0,24.61402,121.853386
08BEAC245D64,2023-06-30,07:47:47,31.2,86.0,2.0,24.62168,121.834905
08BEAC245E02,2023-06-30,07:47:56,32.2,85.0,3.0,24.686842,121.798426
08BEAC252862,2023-06-30,07:48:11,32.5,100.0,5.0,24.780019,121.180754
08BEAC245B1C,2023-06-30,07:48:24,32.6,100.0,2.0,24.602338,120.77856
08BEAC245CF6,2023-06-30,07:48:51,29.7,100.0,4.0,23.468906434845,120.46094857156
08BEAC252B9A,2023-06-30,07:48:53,28.2,100.0,6.0,24.6250013,121.1482569
08BEAC245C4E,2023-06-30,07:49:20,28.7,100.0,3.0,24.374115,120.8436439
08BEAC2528CE,2023-06-30,07:49:28,31.8,100.0,2.0,24.7530748,121.7550418
08BEAC252BA0,2023-06-30,07:49:33,32.2,100.0,4.0,24.6752335,121.0590723
08BEAC25291A,2023-06-30,07:50:50,32.8,100.0,3.0,24.9027334,120.9912667
08BEAC245F6A,2023-06-30,07:50:52,33.0,100.0,4.0,24.7457187,121.0847249
08BEAC245F3C,2023-06-30,07:51:46,31.6,83.0,2.0,24.639860153198,121.83334350585
08BEAC245C7A,2023-06-30,07:51:50,32.1,100.0,4.0,24.649751,120.9531952
08BEAC245DA6,2023-06-30,07:52:23,30.1,100.0,2.0,23.4844262,120.4874326
08BEAC252838,2023-06-30,07:52:25,29.1,100.0,3.0,23.819479,121.473126
08BEAC245F4A,2023-06-30,07:52:34,31.6,100.0,1.0,24.5968,121.841078
08BEAC252820,2023-06-30,07:52:51,34.1,100.0,4.0,24.830241,121.0067357
08BEAC252C20,2023-06-30,07:52:54,29.8,100.0,3.0,24.574514,121.47802
08BEAC245ED4,2023-06-30,07:52:56,31.7,100.0,1.0,24.61402,121.853386
08BEAC245D64,2023-06-30,07:53:04,31.2,88.0,3.0,24.62168,121.834905
08BEAC245E02,2023-06-30,07:53:11,32.1,87.0,3.0,24.686842,121.798426
08BEAC252862,2023-06-30,07:53:26,32.5,100.0,5.0,24.780019,121.180754
08BEAC245B1C,2023-06-30,07:53:37,32.5,100.0,3.0,24.602338,120.77856
08BEAC252B9A,2023-06-30,07:54:07,28.1,100.0,7.0,24.6250013,121.1482569
08BEAC245CF6,2023-06-30,07:54:09,30.0,100.0,5.0,23.468906434845,120.46094857156
08BEAC245C4E,2023-06-30,07:54:36,29.0,100.0,3.0,24.374115,120.8436439
08BEAC2528CE,2023-06-30,07:54:46,31.7,100.0,2.0,24.7530748,121.7550418
08BEAC252BA0,2023-06-30,07:54:48,32.2,100.0,3.0,24.6752335,121.0590723
08BEAC25291A,2023-06-30,07:56:05,33.0,100.0,3.0,24.9027334,120.9912667
08BEAC252AE2,2023-06-30,07:56:06,25.7,100.0,8.0,24.4373287,121.3807443
08BEAC245F6A,2023-06-30,07:56:08,32.8,100.0,4.0,24.7457187,121.0847249
08BEAC245F3C,2023-06-30,07:57:00,31.5,88.0,2.0,24.639860153198,121.83334350585
08BEAC245C7A,2023-06-30,07:57:04,32.2,100.0,4.0,24.649751,120.9531952
08BEAC252838,2023-06-30,07:57:39,29.1,100.0,3.0,23.819479,121.473126
08BEAC245DA6,2023-06-30,07:57:40,30.0,100.0,2.0,23.4844262,120.4874326
08BEAC245F4A,2023-06-30,07:57:50,31.5,100.0,1.0,24.5968,121.841078
08BEAC252C20,2023-06-30,07:58:08,29.8,100.0,3.0,24.574514,121.47802
08BEAC252820,2023-06-30,07:58:09,34.3,100.0,4.0,24.830241,121.0067357
08BEAC245ED4,2023-06-30,07:58:12,31.7,100.0,1.0,24.61402,121.853386
08BEAC245D64,2023-06-30,07:58:19,31.1,88.0,3.0,24.62168,121.834905
08BEAC245E02,2023-06-30,07:58:25,31.7,87.0,3.0,24.686842,121.798426
08BEAC252862,2023-06-30,07:58:43,32.3,100.0,5.0,24.780019,121.180754
08BEAC245B1C,2023-06-30,07:58:54,32.3,100.0,3.0,24.602338,120.77856
08BEAC252B9A,2023-06-30,07:59:21,28.1,100.0,6.0,24.6250013,121.1482569
08BEAC245CF6,2023-06-30,07:59:25,30.0,100.0,5.0,23.468906434845,120.46094857156
08BEAC245C4E,2023-06-30,07:59:51,29.5,100.0,3.0,24.374115,120.8436439
08BEAC252BA0,2023-06-30,08:00:04,32.2,100.0,3.0,24.6752335,121.0590723
08BEAC2528CE,2023-06-30,08:00:06,31.7,100.0,2.0,24.7530748,121.7550418
08BEAC25291A,2023-06-30,08:01:19,33.0,100.0,3.0,24.9027334,120.9912667
08BEAC245F6A,2023-06-30,08:01:24,32.7,100.0,4.0,24.7457187,121.0847249
08BEAC252AE2,2023-06-30,08:01:29,26.1,100.0,9.0,24.4373287,121.3807443
08BEAC245F3C,2023-06-30,08:02:14,31.2,90.0,3.0,24.639860153198,121.83334350585
08BEAC245C7A,2023-06-30,08:02:18,32.1,100.0,4.0,24.649751,120.9531952
08BEAC252838,2023-06-30,08:02:55,28.8,100.0,4.0,23.819479,121.473126
08BEAC245DA6,2023-06-30,08:02:56,30.0,100.0,2.0,23.4844262,120.4874326
08BEAC245F4A,2023-06-30,08:03:04,31.5,100.0,1.0,24.5968,121.841078
08BEAC252C20,2023-06-30,08:03:23,29.7,100.0,3.0,24.574514,121.47802
08BEAC252820,2023-06-30,08:03:25,34.3,100.0,4.0,24.830241,121.0067357
08BEAC245ED4,2023-06-30,08:03:29,31.8,100.0,2.0,24.61402,121.853386
08BEAC245D64,2023-06-30,08:03:35,31.1,90.0,4.0,24.62168,121.834905
08BEAC245E02,2023-06-30,08:03:40,31.6,88.0,3.0,24.686842,121.798426
08BEAC252862,2023-06-30,08:03:59,32.5,100.0,5.0,24.780019,121.180754
08BEAC245B1C,2023-06-30,08:04:09,32.1,100.0,3.0,24.602338,120.77856
08BEAC245CF6,2023-06-30,08:04:40,30.0,100.0,5.0,23.468906434845,120.46094857156
08BEAC245C4E,2023-06-30,08:05:07,29.7,100.0,3.0,24.374115,120.8436439
08BEAC252BA0,2023-06-30,08:05:21,32.2,100.0,3.0,24.6752335,121.0590723
08BEAC2528CE,2023-06-30,08:05:33,31.7,100.0,2.0,24.7530748,121.7550418
08BEAC25291A,2023-06-30,08:06:37,33.0,100.0,3.0,24.9027334,120.9912667
08BEAC245F6A,2023-06-30,08:06:40,32.7,100.0,4.0,24.7457187,121.0847249
08BEAC252AE2,2023-06-30,08:06:49,26.0,100.0,8.0,24.4373287,121.3807443
08BEAC245F3C,2023-06-30,08:07:29,31.1,88.0,2.0,24.639860153198,121.83334350585
08BEAC245C7A,2023-06-30,08:07:33,32.1,100.0,4.0,24.649751,120.9531952
08BEAC252838,2023-06-30,08:08:10,29.0,100.0,3.0,23.819479,121.473126
08BEAC245DA6,2023-06-30,08:08:13,30.0,100.0,2.0,23.4844262,120.4874326
08BEAC245F4A,2023-06-30,08:08:19,31.5,100.0,1.0,24.5968,121.841078
08BEAC252C20,2023-06-30,08:08:39,29.7,100.0,3.0,24.574514,121.47802
08BEAC252820,2023-06-30,08:08:41,34.2,100.0,4.0,24.830241,121.0067357
08BEAC245ED4,2023-06-30,08:08:46,32.0,100.0,2.0,24.61402,121.853386
08BEAC245D64,2023-06-30,08:08:49,31.1,92.0,4.0,24.62168,121.834905
08BEAC245E02,2023-06-30,08:08:55,31.3,89.0,4.0,24.686842,121.798426
08BEAC252862,2023-06-30,08:09:13,32.6,100.0,5.0,24.780019,121.180754
08BEAC245B1C,2023-06-30,08:09:25,32.0,100.0,3.0,24.602338,120.77856
08BEAC252B9A,2023-06-30,08:09:44,27.8,100.0,7.0,24.6250013,121.1482569
08BEAC245CF6,2023-06-30,08:09:54,30.0,100.0,5.0,23.468906434845,120.46094857156
08BEAC245C4E,2023-06-30,08:10:21,30.1,100.0,3.0,24.374115,120.8436439
08BEAC252BA0,2023-06-30,08:10:38,32.3,100.0,3.0,24.6752335,121.0590723
08BEAC2528CE,2023-06-30,08:10:48,31.7,100.0,2.0,24.7530748,121.7550418
08BEAC25291A,2023-06-30,08:11:58,33.0,100.0,3.0,24.9027334,120.9912667
08BEAC245F6A,2023-06-30,08:12:05,32.7,100.0,4.0,24.7457187,121.0847249
08BEAC252AE2,2023-06-30,08:12:06,25.7,100.0,7.0,24.4373287,121.3807443
08BEAC245F3C,2023-06-30,08:12:42,31.1,91.0,3.0,24.639860153198,121.83334350585
08BEAC245C7A,2023-06-30,08:12:47,32.1,100.0,5.0,24.649751,120.9531952
08BEAC252838,2023-06-30,08:13:25,28.8,100.0,3.0,23.819479,121.473126
08BEAC245DA6,2023-06-30,08:13:31,30.0,100.0,3.0,23.4844262,120.4874326
08BEAC245F4A,2023-06-30,08:13:35,31.3,100.0,2.0,24.5968,121.841078
08BEAC252C20,2023-06-30,08:13:57,29.7,100.0,3.0,24.574514,121.47802
08BEAC252820,2023-06-30,08:13:58,34.2,100.0,4.0,24.830241,121.0067357
08BEAC245ED4,2023-06-30,08:14:04,32.1,100.0,2.0,24.61402,121.853386
08BEAC245D64,2023-06-30,08:14:05,31.0,93.0,5.0,24.62168,121.834905
08BEAC245E02,2023-06-30,08:14:11,31.2,90.0,4.0,24.686842,121.798426
08BEAC252862,2023-06-30,08:14:34,32.6,100.0,4.0,24.780019,121.180754
08BEAC245B1C,2023-06-30,08:14:42,32.0,100.0,3.0,24.602338,120.77856
08BEAC252B9A,2023-06-30,08:15:01,27.7,100.0,7.0,24.6250013,121.1482569
08BEAC245CF6,2023-06-30,08:15:09,30.1,100.0,6.0,23.468906434845,120.46094857156
08BEAC245C4E,2023-06-30,08:15:41,30.2,100.0,3.0,24.374115,120.8436439
08BEAC252BA0,2023-06-30,08:16:02,32.2,100.0,3.0,24.6752335,121.0590723
08BEAC2528CE,2023-06-30,08:16:05,31.7,100.0,2.0,24.7530748,121.7550418
08BEAC25291A,2023-06-30,08:17:13,33.1,100.0,3.0,24.9027334,120.9912667
08BEAC245F6A,2023-06-30,08:17:23,33.0,100.0,4.0,24.7457187,121.0847249
08BEAC252AE2,2023-06-30,08:17:24,25.7,100.0,7.0,24.4373287,121.3807443
08BEAC245F3C,2023-06-30,08:18:03,31.0,91.0,3.0,24.639860153198,121.83334350585
08BEAC245C7A,2023-06-30,08:18:21,32.2,100.0,5.0,24.649751,120.9531952
08BEAC252838,2023-06-30,08:18:41,28.7,100.0,3.0,23.819479,121.473126
08BEAC245DA6,2023-06-30,08:18:47,30.0,100.0,3.0,23.4844262,120.4874326
08BEAC245F4A,2023-06-30,08:19:02,31.3,100.0,2.0,24.5968,121.841078
08BEAC252820,2023-06-30,08:19:13,34.2,100.0,4.0,24.830241,121.0067357
08BEAC252C20,2023-06-30,08:19:15,29.7,100.0,3.0,24.574514,121.47802
08BEAC245D64,2023-06-30,08:19:21,30.8,94.0,4.0,24.62168,121.834905
08BEAC245ED4,2023-06-30,08:19:24,32.0,100.0,2.0,24.61402,121.853386
08BEAC245E02,2023-06-30,08:19:26,31.1,90.0,3.0,24.686842,121.798426
08BEAC245B1C,2023-06-30,08:19:56,32.1,100.0,4.0,24.602338,120.77856
08BEAC252862,2023-06-30,08:19:58,32.7,100.0,4.0,24.780019,121.180754
08BEAC252B9A,2023-06-30,08:20:15,27.6,100.0,8.0,24.6250013,121.1482569
08BEAC245CF6,2023-06-30,08:20:25,30.1,100.0,6.0,23.468906434845,120.46094857156
08BEAC245C4E,2023-06-30,08:21:00,30.2,100.0,4.0,24.374115,120.8436439
08BEAC252BA0,2023-06-30,08:21:21,32.1,100.0,3.0,24.6752335,121.0590723
08BEAC2528CE,2023-06-30,08:21:23,31.6,100.0,2.0,24.7530748,121.7550418
08BEAC25291A,2023-06-30,08:22:29,33.1,100.0,3.0,24.9027334,120.9912667
08BEAC252AE2,2023-06-30,08:22:43,25.8,100.0,7.0,24.4373287,121.3807443
08BEAC245F6A,2023-06-30,08:22:44,33.1,100.0,4.0,24.7457187,121.0847249
08BEAC245F3C,2023-06-30,08:23:20,30.8,95.0,3.0,24.639860153198,121.83334350585
08BEAC245C7A,2023-06-30,08:23:38,32.2,100.0,5.0,24.649751,120.9531952
08BEAC252838,2023-06-30,08:23:57,28.7,100.0,3.0,23.819479,121.473126
08BEAC245DA6,2023-06-30,08:24:05,30.0,100.0,3.0,23.4844262,120.4874326
08BEAC245F4A,2023-06-30,08:24:22,31.3,100.0,3.0,24.5968,121.841078
08BEAC252820,2023-06-30,08:24:33,34.0,100.0,4.0,24.830241,121.0067357
08BEAC245D64,2023-06-30,08:24:39,30.8,94.0,4.0,24.62168,121.834905
08BEAC245E02,2023-06-30,08:24:40,31.1,90.0,3.0,24.686842,121.798426
08BEAC245ED4,2023-06-30,08:24:44,32.0,100.0,3.0,24.61402,121.853386
08BEAC252C20,2023-06-30,08:25:00,29.6,100.0,3.0,24.574514,121.47802
08BEAC245B1C,2023-06-30,08:25:11,32.1,100.0,4.0,24.602338,120.77856
08BEAC252862,2023-06-30,08:25:14,32.7,100.0,4.0,24.780019,121.180754
08BEAC252B9A,2023-06-30,08:25:38,27.6,100.0,9.0,24.6250013,121.1482569
08BEAC245CF6,2023-06-30,08:25:41,30.2,100.0,6.0,23.468906434845,120.46094857156
08BEAC245C4E,2023-06-30,08:26:24,30.2,100.0,4.0,24.374115,120.8436439
08BEAC252BA0,2023-06-30,08:26:36,32.0,100.0,3.0,24.6752335,121.0590723
08BEAC2528CE,2023-06-30,08:27:02,31.6,100.0,3.0,24.7530748,121.7550418
08BEAC25291A,2023-06-30,08:27:44,33.0,100.0,3.0,24.9027334,120.9912667
08BEAC252AE2,2023-06-30,08:27:59,25.6,100.0,8.0,24.4373287,121.3807443
08BEAC245F6A,2023-06-30,08:28:00,33.0,100.0,4.0,24.7457187,121.0847249
08BEAC245F3C,2023-06-30,08:28:43,30.8,94.0,3.0,24.639860153198,121.83334350585
08BEAC245C7A,2023-06-30,08:28:56,32.2,100.0,5.0,24.649751,120.9531952
08BEAC252838,2023-06-30,08:29:12,28.8,100.0,4.0,23.819479,121.473126
08BEAC245DA6,2023-06-30,08:29:26,30.0,100.0,3.0,23.4844262,120.4874326
08BEAC245F4A,2023-06-30,08:29:40,31.3,100.0,3.0,24.5968,121.841078
08BEAC252820,2023-06-30,08:29:49,33.8,100.0,4.0,24.830241,121.0067357
08BEAC245E02,2023-06-30,08:29:54,31.1,89.0,4.0,24.686842,121.798426
08BEAC245D64,2023-06-30,08:29:56,30.7,95.0,4.0,24.62168,121.834905
08BEAC245ED4,2023-06-30,08:30:04,31.8,100.0,3.0,24.61402,121.853386
08BEAC252862,2023-06-30,08:30:31,32.7,100.0,4.0,24.780019,121.180754
08BEAC245B1C,2023-06-30,08:30:37,32.1,100.0,4.0,24.602338,120.77856
08BEAC252C20,2023-06-30,08:30:50,29.5,100.0,3.0,24.574514,121.47802
08BEAC252B9A,2023-06-30,08:30:53,27.5,100.0,9.0,24.6250013,121.1482569
08BEAC245CF6,2023-06-30,08:30:56,30.3,100.0,7.0,23.468906434845,120.46094857156
08BEAC245C4E,2023-06-30,08:31:39,30.5,100.0,4.0,24.374115,120.8436439
08BEAC252BA0,2023-06-30,08:31:51,32.2,100.0,3.0,24.6752335,121.0590723
08BEAC2528CE,2023-06-30,08:32:17,31.6,100.0,2.0,24.7530748,121.7550418
08BEAC25291A,2023-06-30,08:32:58,32.8,100.0,3.0,24.9027334,120.9912667
08BEAC252AE2,2023-06-30,08:33:14,25.5,100.0,8.0,24.4373287,121.3807443
08BEAC245F6A,2023-06-30,08:33:16,32.7,100.0,4.0,24.7457187,121.0847249
08BEAC245F3C,2023-06-30,08:34:01,30.7,93.0,3.0,24.639860153198,121.83334350585
08BEAC245C7A,2023-06-30,08:34:11,32.2,100.0,4.0,24.649751,120.9531952
08BEAC252838,2023-06-30,08:34:26,28.7,100.0,4.0,23.819479,121.473126
08BEAC245DA6,2023-06-30,08:34:41,30.0,100.0,3.0,23.4844262,120.4874326
08BEAC245F4A,2023-06-30,08:34:55,31.3,100.0,2.0,24.5968,121.841078
08BEAC252820,2023-06-30,08:35:05,33.8,100.0,4.0,24.830241,121.0067357
08BEAC245E02,2023-06-30,08:35:09,31.0,89.0,4.0,24.686842,121.798426
08BEAC245D64,2023-06-30,08:35:10,30.7,94.0,4.0,24.62168,121.834905
08BEAC245ED4,2023-06-30,08:35:18,31.8,100.0,3.0,24.61402,121.853386
08BEAC252862,2023-06-30,08:35:46,32.7,100.0,4.0,24.780019,121.180754
08BEAC245B1C,2023-06-30,08:35:58,32.2,100.0,5.0,24.602338,120.77856
08BEAC252B9A,2023-06-30,08:36:13,27.3,100.0,9.0,24.6250013,121.1482569
08BEAC245CF6,2023-06-30,08:36:15,30.2,100.0,7.0,23.468906434845,120.46094857156
08BEAC252C20,2023-06-30,08:36:16,29.5,100.0,3.0,24.574514,121.47802
08BEAC245C4E,2023-06-30,08:36:55,30.7,100.0,4.0,24.374115,120.8436439
08BEAC252BA0,2023-06-30,08:37:17,32.2,100.0,3.0,24.6752335,121.0590723
08BEAC2528CE,2023-06-30,08:37:32,31.6,100.0,3.0,24.7530748,121.7550418
08BEAC25291A,2023-06-30,08:38:16,32.7,100.0,4.0,24.9027334,120.9912667
08BEAC252AE2,2023-06-30,08:38:36,25.5,100.0,8.0,24.4373287,121.3807443
08BEAC245F6A,2023-06-30,08:38:51,32.8,100.0,4.0,24.7457187,121.0847249
08BEAC245F3C,2023-06-30,08:39:20,30.7,96.0,3.0,24.639860153198,121.83334350585
08BEAC245C7A,2023-06-30,08:39:28,32.1,100.0,5.0,24.649751,120.9531952
08BEAC252838,2023-06-30,08:39:41,28.7,100.0,3.0,23.819479,121.473126
08BEAC245DA6,2023-06-30,08:39:54,30.0,100.0,3.0,23.4844262,120.4874326
08BEAC245F4A,2023-06-30,08:40:13,31.2,100.0,3.0,24.5968,121.841078
08BEAC245E02,2023-06-30,08:40:25,31.0,90.0,3.0,24.686842,121.798426
08BEAC245D64,2023-06-30,08:40:32,30.7,94.0,5.0,24.62168,121.834905
08BEAC245ED4,2023-06-30,08:40:43,31.8,100.0,3.0,24.61402,121.853386
08BEAC252862,2023-06-30,08:41:09,32.6,100.0,4.0,24.780019,121.180754
08BEAC245B1C,2023-06-30,08:41:13,32.3,100.0,5.0,24.602338,120.77856
08BEAC245CF6,2023-06-30,08:41:30,30.2,100.0,7.0,23.468906434845,120.46094857156
08BEAC252B9A,2023-06-30,08:41:36,27.3,100.0,8.0,24.6250013,121.1482569
08BEAC252C20,2023-06-30,08:41:45,29.5,100.0,3.0,24.574514,121.47802
08BEAC245C4E,2023-06-30,08:42:14,30.7,100.0,4.0,24.374115,120.8436439
08BEAC252BA0,2023-06-30,08:42:32,32.2,100.0,3.0,24.6752335,121.0590723
08BEAC2528CE,2023-06-30,08:42:50,31.6,100.0,3.0,24.7530748,121.7550418
08BEAC25291A,2023-06-30,08:43:33,32.8,100.0,4.0,24.9027334,120.9912667
08BEAC252AE2,2023-06-30,08:43:50,25.3,100.0,8.0,24.4373287,121.3807443
08BEAC245F6A,2023-06-30,08:44:06,32.8,100.0,4.0,24.7457187,121.0847249
08BEAC245F3C,2023-06-30,08:44:34,30.7,97.0,3.0,24.639860153198,121.83334350585
08BEAC245C7A,2023-06-30,08:44:44,32.1,100.0,5.0,24.649751,120.9531952
08BEAC252838,2023-06-30,08:45:01,28.8,100.0,3.0,23.819479,121.473126
08BEAC245DA6,2023-06-30,08:45:10,30.0,100.0,3.0,23.4844262,120.4874326
08BEAC245F4A,2023-06-30,08:45:29,31.2,100.0,3.0,24.5968,121.841078
08BEAC252820,2023-06-30,08:45:36,33.8,100.0,3.0,24.830241,121.0067357
08BEAC245E02,2023-06-30,08:45:38,31.1,89.0,4.0,24.686842,121.798426
08BEAC245D64,2023-06-30,08:45:46,30.6,95.0,4.0,24.62168,121.834905
08BEAC245ED4,2023-06-30,08:46:06,32.0,100.0,3.0,24.61402,121.853386
08BEAC245B1C,2023-06-30,08:46:27,32.5,100.0,3.0,24.602338,120.77856
08BEAC252862,2023-06-30,08:46:31,32.2,100.0,5.0,24.780019,121.180754
08BEAC245CF6,2023-06-30,08:46:46,30.3,100.0,7.0,23.468906434845,120.46094857156
08BEAC252B9A,2023-06-30,08:46:51,27.2,100.0,8.0,24.6250013,121.1482569
08BEAC252C20,2023-06-30,08:46:59,29.5,100.0,3.0,24.574514,121.47802
08BEAC245C4E,2023-06-30,08:47:29,30.8,100.0,4.0,24.374115,120.8436439
08BEAC252BA0,2023-06-30,08:47:47,32.2,100.0,3.0,24.6752335,121.0590723
08BEAC2528CE,2023-06-30,08:48:12,31.6,100.0,3.0,24.7530748,121.7550418
08BEAC25291A,2023-06-30,08:48:48,32.8,100.0,3.0,24.9027334,120.9912667
08BEAC252AE2,2023-06-30,08:49:10,25.2,100.0,8.0,24.4373287,121.3807443
08BEAC245F6A,2023-06-30,08:49:21,32.8,100.0,4.0,24.7457187,121.0847249
08BEAC245F3C,2023-06-30,08:49:53,30.6,98.0,3.0,24.639860153198,121.83334350585
08BEAC245C7A,2023-06-30,08:50:03,32.1,100.0,5.0,24.649751,120.9531952
08BEAC252838,2023-06-30,08:50:22,28.8,100.0,3.0,23.819479,121.473126
08BEAC245DA6,2023-06-30,08:50:27,30.0,100.0,3.0,23.4844262,120.4874326
08BEAC245F4A,2023-06-30,08:50:45,31.2,100.0,3.0,24.5968,121.841078
08BEAC245E02,2023-06-30,08:50:53,31.1,89.0,3.0,24.686842,121.798426
08BEAC252820,2023-06-30,08:50:54,33.8,100.0,3.0,24.830241,121.0067357
08BEAC245D64,2023-06-30,08:51:00,30.6,94.0,4.0,24.62168,121.834905
08BEAC245ED4,2023-06-30,08:51:21,31.8,100.0,4.0,24.61402,121.853386
08BEAC245B1C,2023-06-30,08:51:42,32.3,100.0,3.0,24.602338,120.77856
08BEAC252862,2023-06-30,08:51:46,31.8,100.0,4.0,24.780019,121.180754
08BEAC245CF6,2023-06-30,08:52:02,30.2,100.0,7.0,23.468906434845,120.46094857156
08BEAC252B9A,2023-06-30,08:52:06,27.2,100.0,8.0,24.6250013,121.1482569
08BEAC252C20,2023-06-30,08:52:16,29.5,100.0,5.0,24.574514,121.47802
08BEAC245C4E,2023-06-30,08:52:44,30.8,100.0,4.0,24.374115,120.8436439
08BEAC252BA0,2023-06-30,08:53:02,32.2,100.0,3.0,24.6752335,121.0590723
08BEAC2528CE,2023-06-30,08:53:26,31.6,100.0,3.0,24.7530748,121.7550418
08BEAC25291A,2023-06-30,08:54:02,33.0,100.0,4.0,24.9027334,120.9912667
08BEAC252AE2,2023-06-30,08:54:25,25.1,100.0,8.0,24.4373287,121.3807443
08BEAC245F6A,2023-06-30,08:54:36,33.0,100.0,4.0,24.7457187,121.0847249
08BEAC245F3C,2023-06-30,08:55:09,30.6,99.0,3.0,24.639860153198,121.83334350585
08BEAC245C7A,2023-06-30,08:55:18,32.1,100.0,4.0,24.649751,120.9531952
08BEAC252838,2023-06-30,08:55:38,28.8,100.0,3.0,23.819479,121.473126
08BEAC245DA6,2023-06-30,08:55:43,30.0,100.0,3.0,23.4844262,120.4874326
08BEAC245F4A,2023-06-30,08:56:02,31.2,100.0,3.0,24.5968,121.841078
08BEAC245E02,2023-06-30,08:56:08,31.1,88.0,3.0,24.686842,121.798426
08BEAC252820,2023-06-30,08:56:11,33.7,100.0,3.0,24.830241,121.0067357
08BEAC245D64,2023-06-30,08:56:14,30.6,94.0,4.0,24.62168,121.834905
08BEAC245ED4,2023-06-30,08:56:36,31.7,100.0,3.0,24.61402,121.853386
08BEAC245B1C,2023-06-30,08:56:57,32.3,100.0,3.0,24.602338,120.77856
08BEAC252862,2023-06-30,08:57:01,31.7,100.0,5.0,24.780019,121.180754
08BEAC245CF6,2023-06-30,08:57:18,30.2,100.0,7.0,23.468906434845,120.46094857156
08BEAC252B9A,2023-06-30,08:57:20,27.2,100.0,8.0,24.6250013,121.1482569
08BEAC252C20,2023-06-30,08:57:31,29.5,100.0,3.0,24.574514,121.47802
08BEAC245C4E,2023-06-30,08:57:59,30.7,100.0,4.0,24.374115,120.8436439
08BEAC252BA0,2023-06-30,08:58:17,32.3,100.0,3.0,24.6752335,121.0590723
08BEAC2528CE,2023-06-30,08:58:43,31.6,100.0,2.0,24.7530748,121.7550418
08BEAC25291A,2023-06-30,08:59:16,33.0,100.0,4.0,24.9027334,120.9912667
08BEAC245F6A,2023-06-30,08:59:51,32.8,100.0,4.0,24.7457187,121.0847249
08BEAC245F3C,2023-06-30,09:00:23,30.5,98.0,4.0,24.639860153198,121.83334350585
08BEAC245C7A,2023-06-30,09:00:33,32.1,100.0,5.0,24.649751,120.9531952
08BEAC252838,2023-06-30,09:00:58,29.0,100.0,3.0,23.819479,121.473126
08BEAC245DA6,2023-06-30,09:01:01,30.1,100.0,3.0,23.4844262,120.4874326
08BEAC245E02,2023-06-30,09:01:22,31.1,90.0,3.0,24.686842,121.798426
08BEAC245F4A,2023-06-30,09:01:23,31.1,100.0,3.0,24.5968,121.841078
08BEAC245D64,2023-06-30,09:01:38,30.6,94.0,3.0,24.62168,121.834905
08BEAC252820,2023-06-30,09:01:46,33.8,100.0,3.0,24.830241,121.0067357
08BEAC245ED4,2023-06-30,09:01:54,31.6,100.0,3.0,24.61402,121.853386
08BEAC245B1C,2023-06-30,09:02:14,32.3,100.0,3.0,24.602338,120.77856
08BEAC252862,2023-06-30,09:02:24,31.5,100.0,4.0,24.780019,121.180754
08BEAC245CF6,2023-06-30,09:02:35,30.2,100.0,7.0,23.468906434845,120.46094857156
08BEAC252B9A,2023-06-30,09:02:38,27.1,100.0,8.0,24.6250013,121.1482569
08BEAC252C20,2023-06-30,09:02:50,29.2,100.0,3.0,24.574514,121.47802
08BEAC245C4E,2023-06-30,09:03:14,30.5,100.0,4.0,24.374115,120.8436439
08BEAC252BA0,2023-06-30,09:03:32,32.2,100.0,3.0,24.6752335,121.0590723
08BEAC2528CE,2023-06-30,09:03:58,31.6,100.0,3.0,24.7530748,121.7550418
08BEAC25291A,2023-06-30,09:04:32,32.7,100.0,4.0,24.9027334,120.9912667
08BEAC245F6A,2023-06-30,09:05:14,32.8,100.0,4.0,24.7457187,121.0847249
08BEAC252AE2,2023-06-30,09:05:31,24.8,100.0,9.0,24.4373287,121.3807443
08BEAC245F3C,2023-06-30,09:05:48,30.5,99.0,5.0,24.639860153198,121.83334350585
08BEAC245C7A,2023-06-30,09:05:49,32.1,100.0,5.0,24.649751,120.9531952
08BEAC252838,2023-06-30,09:06:20,29.0,100.0,3.0,23.819479,121.473126
08BEAC245DA6,2023-06-30,09:06:21,30.1,100.0,3.0,23.4844262,120.4874326
08BEAC245E02,2023-06-30,09:06:37,31.1,91.0,4.0,24.686842,121.798426
08BEAC245F4A,2023-06-30,09:06:39,31.0,100.0,3.0,24.5968,121.841078
08BEAC245D64,2023-06-30,09:06:56,30.5,94.0,4.0,24.62168,121.834905
08BEAC252820,2023-06-30,09:07:02,33.7,100.0,3.0,24.830241,121.0067357
08BEAC245ED4,2023-06-30,09:07:11,31.6,100.0,3.0,24.61402,121.853386
08BEAC245B1C,2023-06-30,09:07:39,32.2,100.0,3.0,24.602338,120.77856
08BEAC252862,2023-06-30,09:07:41,31.3,100.0,3.0,24.780019,121.180754
08BEAC245CF6,2023-06-30,09:07:50,30.3,100.0,6.0,23.468906434845,120.46094857156
08BEAC252B9A,2023-06-30,09:07:59,27.1,100.0,7.0,24.6250013,121.1482569
08BEAC252C20,2023-06-30,09:08:04,29.2,100.0,3.0,24.574514,121.47802
08BEAC245C4E,2023-06-30,09:08:40,30.5,100.0,4.0,24.374115,120.8436439
08BEAC252BA0,2023-06-30,09:08:58,32.2,100.0,3.0,24.6752335,121.0590723
08BEAC2528CE,2023-06-30,09:09:14,31.6,100.0,2.0,24.7530748,121.7550418
08BEAC25291A,2023-06-30,09:09:54,32.7,100.0,3.0,24.9027334,120.9912667
08BEAC245F6A,2023-06-30,09:10:32,32.8,100.0,5.0,24.7457187,121.0847249
08BEAC252AE2,2023-06-30,09:10:48,24.8,100.0,9.0,24.4373287,121.3807443
08BEAC245F3C,2023-06-30,09:11:02,30.6,100.0,5.0,24.639860153198,121.83334350585
08BEAC245C7A,2023-06-30,09:11:05,32.1,100.0,5.0,24.649751,120.9531952
08BEAC252838,2023-06-30,09:11:34,29.0,100.0,4.0,23.819479,121.473126
08BEAC245DA6,2023-06-30,09:11:36,30.1,100.0,3.0,23.4844262,120.4874326
08BEAC245E02,2023-06-30,09:11:51,31.0,92.0,3.0,24.686842,121.798426
08BEAC245F4A,2023-06-30,09:11:57,30.8,100.0,3.0,24.5968,121.841078
08BEAC245D64,2023-06-30,09:12:10,30.5,94.0,3.0,24.62168,121.834905
08BEAC252820,2023-06-30,09:12:17,33.6,100.0,3.0,24.830241,121.0067357
08BEAC245ED4,2023-06-30,09:12:26,31.3,100.0,3.0,24.61402,121.853386
08BEAC245B1C,2023-06-30,09:12:54,32.2,100.0,3.0,24.602338,120.77856
08BEAC252862,2023-06-30,09:12:58,31.2,100.0,3.0,24.780019,121.180754
08BEAC245CF6,2023-06-30,09:13:06,30.2,100.0,7.0,23.468906434845,120.46094857156
08BEAC252B9A,2023-06-30,09:13:12,27.0,100.0,8.0,24.6250013,121.1482569
08BEAC252C20,2023-06-30,09:13:20,29.1,100.0,3.0,24.574514,121.47802
08BEAC245C4E,2023-06-30,09:13:55,30.5,100.0,5.0,24.374115,120.8436439
08BEAC252BA0,2023-06-30,09:14:13,32.2,100.0,3.0,24.6752335,121.0590723
08BEAC2528CE,2023-06-30,09:14:30,31.5,100.0,2.0,24.7530748,121.7550418
08BEAC25291A,2023-06-30,09:15:09,32.6,100.0,4.0,24.9027334,120.9912667
08BEAC245F6A,2023-06-30,09:15:47,32.8,100.0,5.0,24.7457187,121.0847249
08BEAC252AE2,2023-06-30,09:16:02,24.7,100.0,9.0,24.4373287,121.3807443
08BEAC245F3C,2023-06-30,09:16:19,30.5,98.0,5.0,24.639860153198,121.83334350585
08BEAC245C7A,2023-06-30,09:16:20,32.1,100.0,5.0,24.649751,120.9531952
08BEAC252838,2023-06-30,09:16:48,29.0,100.0,3.0,23.819479,121.473126
08BEAC245DA6,2023-06-30,09:16:52,30.1,100.0,3.0,23.4844262,120.4874326
08BEAC245E02,2023-06-30,09:17:06,31.1,91.0,3.0,24.686842,121.798426
08BEAC245F4A,2023-06-30,09:17:13,30.8,100.0,3.0,24.5968,121.841078
08BEAC245D64,2023-06-30,09:17:24,30.5,95.0,3.0,24.62168,121.834905
08BEAC252820,2023-06-30,09:17:32,33.7,100.0,4.0,24.830241,121.0067357
08BEAC245ED4,2023-06-30,09:17:42,30.8,100.0,2.0,24.61402,121.853386
08BEAC245B1C,2023-06-30,09:18:09,32.1,100.0,3.0,24.602338,120.77856
08BEAC252862,2023-06-30,09:18:11,31.1,100.0,3.0,24.780019,121.180754
08BEAC245CF6,2023-06-30,09:18:22,30.2,100.0,6.0,23.468906434845,120.46094857156
08BEAC252B9A,2023-06-30,09:18:27,27.0,100.0,8.0,24.6250013,121.1482569
08BEAC252C20,2023-06-30,09:18:36,29.1,100.0,3.0,24.574514,121.47802
08BEAC245C4E,2023-06-30,09:19:09,30.3,100.0,5.0,24.374115,120.8436439
08BEAC252BA0,2023-06-30,09:19:28,32.2,100.0,3.0,24.6752335,121.0590723
08BEAC2528CE,2023-06-30,09:19:44,31.3,100.0,2.0,24.7530748,121.7550418
08BEAC25291A,2023-06-30,09:20:24,32.6,100.0,3.0,24.9027334,120.9912667
08BEAC245F6A,2023-06-30,09:21:02,32.7,100.0,5.0,24.7457187,121.0847249
08BEAC252AE2,2023-06-30,09:21:18,24.5,100.0,10.0,24.4373287,121.3807443
08BEAC245F3C,2023-06-30,09:21:33,30.3,100.0,5.0,24.639860153198,121.83334350585
08BEAC252838,2023-06-30,09:22:02,29.0,100.0,3.0,23.819479,121.473126
08BEAC245DA6,2023-06-30,09:22:06,30.0,100.0,3.0,23.4844262,120.4874326
08BEAC245E02,2023-06-30,09:22:22,31.1,90.0,3.0,24.686842,121.798426
08BEAC245F4A,2023-06-30,09:22:27,30.7,100.0,3.0,24.5968,121.841078
08BEAC245D64,2023-06-30,09:22:38,30.5,96.0,4.0,24.62168,121.834905
08BEAC252820,2023-06-30,09:22:46,33.5,100.0,3.0,24.830241,121.0067357
08BEAC245ED4,2023-06-30,09:22:57,30.8,100.0,2.0,24.61402,121.853386
08BEAC245B1C,2023-06-30,09:23:26,32.1,100.0,4.0,24.602338,120.77856
08BEAC252862,2023-06-30,09:23:27,31.1,100.0,3.0,24.780019,121.180754
08BEAC245CF6,2023-06-30,09:23:37,30.0,100.0,6.0,23.468906434845,120.46094857156
08BEAC252B9A,2023-06-30,09:23:43,26.8,100.0,8.0,24.6250013,121.1482569
08BEAC252C20,2023-06-30,09:23:51,29.0,100.0,3.0,24.574514,121.47802
08BEAC245C4E,2023-06-30,09:24:25,30.2,100.0,6.0,24.374115,120.8436439
08BEAC252BA0,2023-06-30,09:24:43,32.2,100.0,3.0,24.6752335,121.0590723
08BEAC2528CE,2023-06-30,09:24:58,31.2,100.0,2.0,24.7530748,121.7550418
08BEAC25291A,2023-06-30,09:25:40,32.5,100.0,3.0,24.9027334,120.9912667
08BEAC245F6A,2023-06-30,09:26:15,32.7,100.0,5.0,24.7457187,121.0847249
08BEAC252AE2,2023-06-30,09:26:34,24.5,100.0,10.0,24.4373287,121.3807443
08BEAC245C7A,2023-06-30,09:26:44,32.1,100.0,6.0,24.649751,120.9531952
08BEAC245F3C,2023-06-30,09:26:49,30.3,100.0,5.0,24.639860153198,121.83334350585
08BEAC252838,2023-06-30,09:27:17,29.0,100.0,3.0,23.819479,121.473126
08BEAC245DA6,2023-06-30,09:27:21,30.1,100.0,3.0,23.4844262,120.4874326
08BEAC245E02,2023-06-30,09:27:37,31.1,89.0,3.0,24.686842,121.798426
08BEAC245F4A,2023-06-30,09:27:41,30.6,100.0,3.0,24.5968,121.841078
08BEAC245D64,2023-06-30,09:27:52,30.5,95.0,4.0,24.62168,121.834905
08BEAC252820,2023-06-30,09:28:02,33.3,100.0,4.0,24.830241,121.0067357
08BEAC245ED4,2023-06-30,09:28:11,30.8,100.0,3.0,24.61402,121.853386
08BEAC245B1C,2023-06-30,09:28:41,32.0,100.0,14.0,24.602338,120.77856
08BEAC252862,2023-06-30,09:28:42,31.0,100.0,3.0,24.780019,121.180754
08BEAC245CF6,2023-06-30,09:28:52,30.0,100.0,6.0,23.468906434845,120.46094857156
08BEAC252B9A,2023-06-30,09:28:57,27.0,100.0,7.0,24.6250013,121.1482569
08BEAC252C20,2023-06-30,09:29:07,29.0,100.0,3.0,24.574514,121.47802
08BEAC245C4E,2023-06-30,09:29:40,30.0,100.0,6.0,24.374115,120.8436439
08BEAC252BA0,2023-06-30,09:29:57,32.2,100.0,3.0,24.6752335,121.0590723
08BEAC2528CE,2023-06-30,09:30:13,31.2,100.0,2.0,24.7530748,121.7550418
08BEAC25291A,2023-06-30,09:30:56,32.5,100.0,3.0,24.9027334,120.9912667
08BEAC245F6A,2023-06-30,09:31:30,32.7,100.0,6.0,24.7457187,121.0847249
08BEAC252AE2,2023-06-30,09:31:50,24.5,100.0,10.0,24.4373287,121.3807443
08BEAC245C7A,2023-06-30,09:32:02,32.1,100.0,7.0,24.649751,120.9531952
08BEAC245F3C,2023-06-30,09:32:04,30.3,100.0,4.0,24.639860153198,121.83334350585
08BEAC252838,2023-06-30,09:32:34,29.0,100.0,3.0,23.819479,121.473126
08BEAC245DA6,2023-06-30,09:32:35,30.0,100.0,3.0,23.4844262,120.4874326
08BEAC245E02,2023-06-30,09:32:53,31.1,89.0,3.0,24.686842,121.798426
08BEAC245F4A,2023-06-30,09:32:57,30.5,100.0,3.0,24.5968,121.841078
08BEAC245D64,2023-06-30,09:33:08,30.3,95.0,3.0,24.62168,121.834905
08BEAC252820,2023-06-30,09:33:16,33.2,100.0,4.0,24.830241,121.0067357
08BEAC245ED4,2023-06-30,09:33:27,30.8,100.0,3.0,24.61402,121.853386
08BEAC245B1C,2023-06-30,09:33:57,31.8,100.0,5.0,24.602338,120.77856
08BEAC252862,2023-06-30,09:33:57,31.0,100.0,3.0,24.780019,121.180754
08BEAC245CF6,2023-06-30,09:34:06,30.0,100.0,6.0,23.468906434845,120.46094857156
08BEAC252B9A,2023-06-30,09:34:13,26.8,100.0,8.0,24.6250013,121.1482569
08BEAC252C20,2023-06-30,09:34:22,29.0,100.0,3.0,24.574514,121.47802
08BEAC245C4E,2023-06-30,09:34:55,30.0,100.0,6.0,24.374115,120.8436439
08BEAC252BA0,2023-06-30,09:35:12,32.2,100.0,3.0,24.6752335,121.0590723
08BEAC2528CE,2023-06-30,09:35:29,31.3,100.0,2.0,24.7530748,121.7550418
08BEAC25291A,2023-06-30,09:36:11,32.5,100.0,3.0,24.9027334,120.9912667
08BEAC245F6A,2023-06-30,09:36:46,32.7,100.0,6.0,24.7457187,121.0847249
08BEAC252AE2,2023-06-30,09:37:04,24.3,100.0,9.0,24.4373287,121.3807443
08BEAC245C7A,2023-06-30,09:37:16,32.1,100.0,6.0,24.649751,120.9531952
08BEAC245F3C,2023-06-30,09:37:19,30.1,100.0,5.0,24.639860153198,121.83334350585
08BEAC252838,2023-06-30,09:37:50,29.0,100.0,3.0,23.819479,121.473126
08BEAC245DA6,2023-06-30,09:37:51,30.0,100.0,3.0,23.4844262,120.4874326
08BEAC245E02,2023-06-30,09:38:07,31.1,91.0,3.0,24.686842,121.798426
08BEAC245F4A,2023-06-30,09:38:12,30.5,100.0,3.0,24.5968,121.841078
08BEAC245D64,2023-06-30,09:38:23,30.3,97.0,4.0,24.62168,121.834905
08BEAC252820,2023-06-30,09:38:32,33.2,100.0,4.0,24.830241,121.0067357
08BEAC245ED4,2023-06-30,09:38:43,30.6,100.0,3.0,24.61402,121.853386
08BEAC252862,2023-06-30,09:39:12,31.0,100.0,3.0,24.780019,121.180754
08BEAC245B1C,2023-06-30,09:39:13,31.7,100.0,4.0,24.602338,120.77856
08BEAC245CF6,2023-06-30,09:39:21,29.8,100.0,6.0,23.468906434845,120.46094857156
08BEAC252B9A,2023-06-30,09:39:27,26.7,100.0,8.0,24.6250013,121.1482569
08BEAC252C20,2023-06-30,09:39:37,28.8,100.0,3.0,24.574514,121.47802
08BEAC245C4E,2023-06-30,09:40:10,30.0,100.0,6.0,24.374115,120.8436439
08BEAC252BA0,2023-06-30,09:40:28,32.2,100.0,3.0,24.6752335,121.0590723
08BEAC2528CE,2023-06-30,09:40:47,31.5,100.0,2.0,24.7530748,121.7550418
08BEAC25291A,2023-06-30,09:41:27,32.3,100.0,3.0,24.9027334,120.9912667
08BEAC245F6A,2023-06-30,09:42:00,32.7,100.0,6.0,24.7457187,121.0847249
08BEAC252AE2,2023-06-30,09:42:19,24.3,100.0,9.0,24.4373287,121.3807443
08BEAC245F3C,2023-06-30,09:42:32,30.0,100.0,5.0,24.639860153198,121.83334350585
08BEAC245C7A,2023-06-30,09:42:33,32.1,100.0,7.0,24.649751,120.9531952
08BEAC252838,2023-06-30,09:43:05,28.7,100.0,3.0,23.819479,121.473126
08BEAC245DA6,2023-06-30,09:43:07,29.8,100.0,2.0,23.4844262,120.4874326
08BEAC245E02,2023-06-30,09:43:22,31.1,92.0,3.0,24.686842,121.798426
08BEAC245F4A,2023-06-30,09:43:26,30.2,100.0,3.0,24.5968,121.841078
08BEAC245D64,2023-06-30,09:43:40,30.1,98.0,4.0,24.62168,121.834905
08BEAC252820,2023-06-30,09:43:48,33.1,100.0,4.0,24.830241,121.0067357
08BEAC245ED4,2023-06-30,09:43:58,30.6,100.0,3.0,24.61402,121.853386
08BEAC252862,2023-06-30,09:44:25,31.0,100.0,3.0,24.780019,121.180754
08BEAC245B1C,2023-06-30,09:44:29,31.6,100.0,4.0,24.602338,120.77856
08BEAC245CF6,2023-06-30,09:44:37,30.0,100.0,6.0,23.468906434845,120.46094857156
08BEAC252B9A,2023-06-30,09:44:41,26.6,100.0,9.0,24.6250013,121.1482569
08BEAC252C20,2023-06-30,09:44:52,28.8,100.0,4.0,24.574514,121.47802
08BEAC245C4E,2023-06-30,09:45:28,29.8,100.0,6.0,24.374115,120.8436439
08BEAC252BA0,2023-06-30,09:45:45,32.2,100.0,4.0,24.6752335,121.0590723
08BEAC2528CE,2023-06-30,09:46:14,31.5,100.0,2.0,24.7530748,121.7550418
08BEAC25291A,2023-06-30,09:46:45,32.2,100.0,3.0,24.9027334,120.9912667
08BEAC245F6A,2023-06-30,09:47:16,32.6,100.0,6.0,24.7457187,121.0847249
08BEAC252AE2,2023-06-30,09:47:36,24.2,100.0,9.0,24.4373287,121.3807443
08BEAC245C7A,2023-06-30,09:47:48,32.0,100.0,7.0,24.649751,120.9531952
08BEAC245F3C,2023-06-30,09:47:50,29.8,100.0,4.0,24.639860153198,121.83334350585
08BEAC245DA6,2023-06-30,09:48:23,30.0,100.0,3.0,23.4844262,120.4874326
08BEAC252838,2023-06-30,09:48:25,28.6,100.0,3.0,23.819479,121.473126
08BEAC245E02,2023-06-30,09:48:37,31.1,92.0,4.0,24.686842,121.798426
08BEAC245F4A,2023-06-30,09:48:41,30.2,100.0,3.0,24.5968,121.841078
08BEAC245D64,2023-06-30,09:48:57,30.1,99.0,4.0,24.62168,121.834905
08BEAC252820,2023-06-30,09:49:02,32.8,100.0,3.0,24.830241,121.0067357
08BEAC245ED4,2023-06-30,09:49:14,30.6,100.0,3.0,24.61402,121.853386
08BEAC252862,2023-06-30,09:49:39,30.8,100.0,3.0,24.780019,121.180754
08BEAC245B1C,2023-06-30,09:49:43,31.6,100.0,4.0,24.602338,120.77856
08BEAC245CF6,2023-06-30,09:49:52,30.0,100.0,6.0,23.468906434845,120.46094857156
08BEAC252B9A,2023-06-30,09:49:55,26.5,100.0,10.0,24.6250013,121.1482569
08BEAC252C20,2023-06-30,09:50:09,28.8,100.0,4.0,24.574514,121.47802
08BEAC245C4E,2023-06-30,09:50:44,29.7,100.0,6.0,24.374115,120.8436439
08BEAC252BA0,2023-06-30,09:50:59,32.2,100.0,4.0,24.6752335,121.0590723
08BEAC2528CE,2023-06-30,09:51:40,31.5,100.0,2.0,24.7530748,121.7550418
08BEAC25291A,2023-06-30,09:52:01,32.2,100.0,3.0,24.9027334,120.9912667
08BEAC245F6A,2023-06-30,09:52:31,32.5,100.0,6.0,24.7457187,121.0847249
08BEAC252AE2,2023-06-30,09:52:50,24.3,100.0,10.0,24.4373287,121.3807443
08BEAC245C7A,2023-06-30,09:53:02,32.0,100.0,7.0,24.649751,120.9531952
08BEAC245F3C,2023-06-30,09:53:05,29.8,100.0,4.0,24.639860153198,121.83334350585
08BEAC245DA6,2023-06-30,09:53:39,30.0,100.0,3.0,23.4844262,120.4874326
08BEAC252838,2023-06-30,09:53:40,28.5,100.0,4.0,23.819479,121.473126
08BEAC245E02,2023-06-30,09:53:50,31.1,93.0,4.0,24.686842,121.798426
08BEAC245F4A,2023-06-30,09:53:56,30.2,100.0,3.0,24.5968,121.841078
08BEAC245D64,2023-06-30,09:54:11,30.0,99.0,4.0,24.62168,121.834905
08BEAC252820,2023-06-30,09:54:15,32.7,100.0,4.0,24.830241,121.0067357
08BEAC245ED4,2023-06-30,09:54:29,30.6,100.0,3.0,24.61402,121.853386
08BEAC252862,2023-06-30,09:54:52,30.7,100.0,3.0,24.780019,121.180754
08BEAC245B1C,2023-06-30,09:54:59,31.6,100.0,4.0,24.602338,120.77856
08BEAC245CF6,2023-06-30,09:55:08,30.1,100.0,6.0,23.468906434845,120.46094857156
08BEAC252B9A,2023-06-30,09:55:10,26.5,100.0,9.0,24.6250013,121.1482569
08BEAC252C20,2023-06-30,09:55:25,28.8,100.0,4.0,24.574514,121.47802
08BEAC245C4E,2023-06-30,09:55:59,29.7,100.0,6.0,24.374115,120.8436439
08BEAC252BA0,2023-06-30,09:56:14,32.1,100.0,4.0,24.6752335,121.0590723
08BEAC2528CE,2023-06-30,09:56:59,31.6,100.0,2.0,24.7530748,121.7550418
08BEAC25291A,2023-06-30,09:57:15,32.2,100.0,3.0,24.9027334,120.9912667
08BEAC245F6A,2023-06-30,09:57:46,32.5,100.0,7.0,24.7457187,121.0847249
08BEAC252AE2,2023-06-30,09:58:04,24.2,100.0,11.0,24.4373287,121.3807443
08BEAC245C7A,2023-06-30,09:58:17,32.0,100.0,8.0,24.649751,120.9531952
08BEAC245F3C,2023-06-30,09:58:20,29.8,100.0,5.0,24.639860153198,121.83334350585
08BEAC245DA6,2023-06-30,09:58:53,30.1,100.0,3.0,23.4844262,120.4874326
08BEAC252838,2023-06-30,09:58:55,28.5,100.0,4.0,23.819479,121.473126
08BEAC245E02,2023-06-30,09:59:05,31.1,93.0,5.0,24.686842,121.798426
08BEAC245F4A,2023-06-30,09:59:12,30.1,100.0,3.0,24.5968,121.841078
08BEAC245D64,2023-06-30,09:59:27,30.0,99.0,5.0,24.62168,121.834905
08BEAC252820,2023-06-30,09:59:29,32.7,100.0,4.0,24.830241,121.0067357
08BEAC245ED4,2023-06-30,09:59:45,30.5,100.0,3.0,24.61402,121.853386
08BEAC252862,2023-06-30,10:00:07,30.7,100.0,3.0,24.780019,121.180754
08BEAC245B1C,2023-06-30,10:00:14,31.5,100.0,4.0,24.602338,120.77856
08BEAC245CF6,2023-06-30,10:00:23,30.1,100.0,6.0,23.468906434845,120.46094857156
08BEAC252B9A,2023-06-30,10:00:26,26.5,100.0,9.0,24.6250013,121.1482569
08BEAC252C20,2023-06-30,10:00:40,29.0,100.0,4.0,24.574514,121.47802
08BEAC245C4E,2023-06-30,10:01:13,29.8,100.0,7.0,24.374115,120.8436439
08BEAC252BA0,2023-06-30,10:01:28,32.1,100.0,4.0,24.6752335,121.0590723
08BEAC2528CE,2023-06-30,10:02:14,31.3,100.0,2.0,24.7530748,121.7550418
08BEAC25291A,2023-06-30,10:02:30,32.1,100.0,3.0,24.9027334,120.9912667
08BEAC245F6A,2023-06-30,10:03:01,32.3,100.0,7.0,24.7457187,121.0847249
08BEAC252AE2,2023-06-30,10:03:20,24.1,100.0,11.0,24.4373287,121.3807443
08BEAC245C7A,2023-06-30,10:03:32,32.0,100.0,8.0,24.649751,120.9531952
08BEAC245F3C,2023-06-30,10:03:35,29.8,100.0,4.0,24.639860153198,121.83334350585
08BEAC245DA6,2023-06-30,10:04:08,30.0,100.0,2.0,23.4844262,120.4874326
08BEAC252838,2023-06-30,10:04:10,28.6,100.0,4.0,23.819479,121.473126
08BEAC245E02,2023-06-30,10:04:20,31.1,93.0,4.0,24.686842,121.798426
08BEAC245F4A,2023-06-30,10:04:28,30.1,100.0,3.0,24.5968,121.841078
08BEAC245D64,2023-06-30,10:04:42,30.0,99.0,4.0,24.62168,121.834905
08BEAC252820,2023-06-30,10:04:44,32.6,100.0,4.0,24.830241,121.0067357
08BEAC245ED4,2023-06-30,10:05:01,30.3,100.0,3.0,24.61402,121.853386
08BEAC252862,2023-06-30,10:05:23,30.6,100.0,3.0,24.780019,121.180754
08BEAC245B1C,2023-06-30,10:05:29,31.5,100.0,4.0,24.602338,120.77856
08BEAC245CF6,2023-06-30,10:05:38,30.1,100.0,6.0,23.468906434845,120.46094857156
08BEAC252B9A,2023-06-30,10:05:42,26.3,100.0,10.0,24.6250013,121.1482569
08BEAC252C20,2023-06-30,10:05:54,28.8,100.0,3.0,24.574514,121.47802
08BEAC245C4E,2023-06-30,10:06:28,29.7,100.0,6.0,24.374115,120.8436439
08BEAC252BA0,2023-06-30,10:06:44,32.1,100.0,4.0,24.6752335,121.0590723
08BEAC2528CE,2023-06-30,10:07:31,31.3,100.0,2.0,24.7530748,121.7550418
08BEAC25291A,2023-06-30,10:07:46,32.1,100.0,3.0,24.9027334,120.9912667
08BEAC245F6A,2023-06-30,10:08:16,32.3,100.0,6.0,24.7457187,121.0847249
08BEAC252AE2,2023-06-30,10:08:34,24.1,100.0,11.0,24.4373287,121.3807443
08BEAC245C7A,2023-06-30,10:08:47,32.0,100.0,9.0,24.649751,120.9531952
08BEAC245F3C,2023-06-30,10:08:51,29.8,100.0,4.0,24.639860153198,121.83334350585
08BEAC245DA6,2023-06-30,10:09:25,30.1,100.0,3.0,23.4844262,120.4874326
08BEAC252838,2023-06-30,10:09:26,28.7,100.0,4.0,23.819479,121.473126
08BEAC245E02,2023-06-30,10:09:36,31.1,93.0,4.0,24.686842,121.798426
08BEAC245F4A,2023-06-30,10:09:43,30.1,100.0,3.0,24.5968,121.841078
08BEAC245D64,2023-06-30,10:09:57,30.0,100.0,4.0,24.62168,121.834905
08BEAC252820,2023-06-30,10:09:59,32.6,100.0,4.0,24.830241,121.0067357
08BEAC245ED4,2023-06-30,10:10:18,29.8,100.0,3.0,24.61402,121.853386
08BEAC252862,2023-06-30,10:10:38,30.6,100.0,3.0,24.780019,121.180754
08BEAC245B1C,2023-06-30,10:10:46,31.3,100.0,5.0,24.602338,120.77856
08BEAC245CF6,2023-06-30,10:10:54,30.1,100.0,6.0,23.468906434845,120.46094857156
08BEAC252B9A,2023-06-30,10:10:56,26.2,100.0,9.0,24.6250013,121.1482569
08BEAC252C20,2023-06-30,10:11:17,28.7,100.0,3.0,24.574514,121.47802
08BEAC245C4E,2023-06-30,10:11:43,29.8,100.0,6.0,24.374115,120.8436439
08BEAC252BA0,2023-06-30,10:12:02,32.0,100.0,4.0,24.6752335,121.0590723
08BEAC2528CE,2023-06-30,10:12:58,31.1,100.0,2.0,24.7530748,121.7550418
08BEAC25291A,2023-06-30,10:13:03,32.1,100.0,3.0,24.9027334,120.9912667
08BEAC245F6A,2023-06-30,10:13:31,32.2,100.0,6.0,24.7457187,121.0847249
08BEAC252AE2,2023-06-30,10:13:49,24.2,100.0,11.0,24.4373287,121.3807443
08BEAC245C7A,2023-06-30,10:14:04,32.0,100.0,8.0,24.649751,120.9531952
08BEAC245F3C,2023-06-30,10:14:07,29.8,100.0,5.0,24.639860153198,121.83334350585
08BEAC252838,2023-06-30,10:14:41,28.7,100.0,3.0,23.819479,121.473126
08BEAC245DA6,2023-06-30,10:14:43,30.1,100.0,3.0,23.4844262,120.4874326
08BEAC245E02,2023-06-30,10:14:51,31.1,92.0,4.0,24.686842,121.798426
08BEAC245F4A,2023-06-30,10:14:57,30.0,100.0,5.0,24.5968,121.841078
08BEAC245D64,2023-06-30,10:15:13,30.1,100.0,4.0,24.62168,121.834905
08BEAC252820,2023-06-30,10:15:15,32.6,100.0,4.0,24.830241,121.0067357
08BEAC245ED4,2023-06-30,10:15:34,29.7,100.0,3.0,24.61402,121.853386
08BEAC252862,2023-06-30,10:15:52,30.3,100.0,2.0,24.780019,121.180754
08BEAC245B1C,2023-06-30,10:16:03,31.0,100.0,6.0,24.602338,120.77856
08BEAC245CF6,2023-06-30,10:16:09,30.2,100.0,5.0,23.468906434845,120.46094857156
08BEAC252B9A,2023-06-30,10:16:12,26.2,100.0,8.0,24.6250013,121.1482569
08BEAC252C20,2023-06-30,10:16:32,28.6,100.0,3.0,24.574514,121.47802
08BEAC245C4E,2023-06-30,10:16:58,29.8,100.0,6.0,24.374115,120.8436439
08BEAC252BA0,2023-06-30,10:17:18,32.0,100.0,4.0,24.6752335,121.0590723
08BEAC2528CE,2023-06-30,10:18:14,31.2,100.0,2.0,24.7530748,121.7550418
08BEAC25291A,2023-06-30,10:18:18,32.1,100.0,4.0,24.9027334,120.9912667
08BEAC245F6A,2023-06-30,10:18:46,32.0,100.0,5.0,24.7457187,121.0847249
08BEAC252AE2,2023-06-30,10:19:03,24.2,100.0,10.0,24.4373287,121.3807443
08BEAC245C7A,2023-06-30,10:19:18,32.0,100.0,9.0,24.649751,120.9531952
08BEAC245F3C,2023-06-30,10:19:22,30.0,100.0,5.0,24.639860153198,121.83334350585
08BEAC252838,2023-06-30,10:19:56,28.6,100.0,3.0,23.819479,121.473126
08BEAC245E02,2023-06-30,10:20:07,31.1,93.0,5.0,24.686842,121.798426
08BEAC245F4A,2023-06-30,10:20:12,30.1,100.0,5.0,24.5968,121.841078
08BEAC245D64,2023-06-30,10:20:29,30.1,99.0,4.0,24.62168,121.834905
08BEAC252820,2023-06-30,10:20:30,32.3,100.0,4.0,24.830241,121.0067357
08BEAC245ED4,2023-06-30,10:20:49,29.7,100.0,3.0,24.61402,121.853386
08BEAC252862,2023-06-30,10:21:07,30.1,100.0,1.0,24.780019,121.180754
08BEAC245B1C,2023-06-30,10:21:20,30.7,100.0,5.0,24.602338,120.77856
08BEAC245CF6,2023-06-30,10:21:25,30.2,100.0,5.0,23.468906434845,120.46094857156
08BEAC252B9A,2023-06-30,10:21:28,26.2,100.0,8.0,24.6250013,121.1482569
08BEAC252C20,2023-06-30,10:21:47,28.6,100.0,3.0,24.574514,121.47802
08BEAC245C4E,2023-06-30,10:22:11,29.8,100.0,6.0,24.374115,120.8436439
08BEAC252BA0,2023-06-30,10:22:34,32.0,100.0,4.0,24.6752335,121.0590723
08BEAC2528CE,2023-06-30,10:23:32,31.2,100.0,2.0,24.7530748,121.7550418
08BEAC25291A,2023-06-30,10:23:34,32.0,100.0,4.0,24.9027334,120.9912667
08BEAC245F6A,2023-06-30,10:24:02,31.8,100.0,5.0,24.7457187,121.0847249
08BEAC252AE2,2023-06-30,10:24:19,24.5,100.0,10.0,24.4373287,121.3807443
08BEAC245C7A,2023-06-30,10:24:33,32.0,100.0,8.0,24.649751,120.9531952
08BEAC245F3C,2023-06-30,10:24:37,29.8,100.0,4.0,24.639860153198,121.83334350585
08BEAC245DA6,2023-06-30,10:25:06,30.1,100.0,2.0,23.4844262,120.4874326
08BEAC252838,2023-06-30,10:25:13,28.5,100.0,3.0,23.819479,121.473126
08BEAC245E02,2023-06-30,10:25:23,31.1,93.0,5.0,24.686842,121.798426
08BEAC245F4A,2023-06-30,10:25:27,30.1,100.0,5.0,24.5968,121.841078
08BEAC245D64,2023-06-30,10:25:45,30.1,100.0,4.0,24.62168,121.834905
08BEAC252820,2023-06-30,10:25:47,32.3,100.0,4.0,24.830241,121.0067357
08BEAC245ED4,2023-06-30,10:26:03,29.3,100.0,3.0,24.61402,121.853386
08BEAC252862,2023-06-30,10:26:23,30.1,100.0,0.0,24.780019,121.180754
08BEAC245B1C,2023-06-30,10:26:33,30.7,100.0,6.0,24.602338,120.77856
08BEAC245CF6,2023-06-30,10:26:40,30.2,100.0,4.0,23.468906434845,120.46094857156
08BEAC252B9A,2023-06-30,10:26:43,26.1,100.0,8.0,24.6250013,121.1482569
08BEAC252C20,2023-06-30,10:27:04,28.6,100.0,3.0,24.574514,121.47802
08BEAC245C4E,2023-06-30,10:27:27,29.6,100.0,6.0,24.374115,120.8436439
08BEAC252BA0,2023-06-30,10:27:50,32.0,100.0,4.0,24.6752335,121.0590723
08BEAC2528CE,2023-06-30,10:28:51,31.2,100.0,2.0,24.7530748,121.7550418
08BEAC25291A,2023-06-30,10:28:53,32.0,100.0,3.0,24.9027334,120.9912667
08BEAC245F6A,2023-06-30,10:29:15,31.7,100.0,5.0,24.7457187,121.0847249
08BEAC252AE2,2023-06-30,10:29:35,24.6,100.0,9.0,24.4373287,121.3807443
08BEAC245C7A,2023-06-30,10:29:50,32.0,100.0,9.0,24.649751,120.9531952
08BEAC245F3C,2023-06-30,10:29:52,29.8,100.0,4.0,24.639860153198,121.83334350585
08BEAC245DA6,2023-06-30,10:30:22,30.1,100.0,2.0,23.4844262,120.4874326
08BEAC252838,2023-06-30,10:30:29,28.6,100.0,4.0,23.819479,121.473126
08BEAC245E02,2023-06-30,10:30:37,31.0,93.0,5.0,24.686842,121.798426
08BEAC245F4A,2023-06-30,10:30:42,30.1,100.0,5.0,24.5968,121.841078
08BEAC245D64,2023-06-30,10:31:00,30.1,99.0,4.0,24.62168,121.834905
08BEAC252820,2023-06-30,10:31:03,32.2,100.0,5.0,24.830241,121.0067357
08BEAC245ED4,2023-06-30,10:31:20,29.0,100.0,3.0,24.61402,121.853386
08BEAC252862,2023-06-30,10:31:39,30.0,100.0,0.0,24.780019,121.180754
08BEAC245B1C,2023-06-30,10:31:48,30.5,100.0,6.0,24.602338,120.77856
08BEAC245CF6,2023-06-30,10:31:56,30.2,100.0,4.0,23.468906434845,120.46094857156
08BEAC252B9A,2023-06-30,10:31:58,26.2,100.0,9.0,24.6250013,121.1482569
08BEAC252C20,2023-06-30,10:32:20,28.5,100.0,3.0,24.574514,121.47802
08BEAC245C4E,2023-06-30,10:32:42,29.3,100.0,6.0,24.374115,120.8436439
08BEAC252BA0,2023-06-30,10:33:05,32.0,100.0,5.0,24.6752335,121.0590723
08BEAC2528CE,2023-06-30,10:34:06,31.2,100.0,2.0,24.7530748,121.7550418
08BEAC25291A,2023-06-30,10:34:09,32.0,100.0,3.0,24.9027334,120.9912667
08BEAC252AD2,2023-06-30,10:34:27,30.3,100.0,2.0,24.6797775,121.6887734
08BEAC245F6A,2023-06-30,10:34:30,31.5,100.0,5.0,24.7457187,121.0847249
08BEAC252AE2,2023-06-30,10:34:48,24.6,100.0,8.0,24.4373287,121.3807443
08BEAC245C7A,2023-06-30,10:35:03,32.0,100.0,9.0,24.649751,120.9531952
08BEAC245F3C,2023-06-30,10:35:08,30.0,100.0,4.0,24.639860153198,121.83334350585
08BEAC245DA6,2023-06-30,10:35:39,30.1,100.0,2.0,23.4844262,120.4874326
08BEAC252838,2023-06-30,10:35:46,28.7,100.0,6.0,23.819479,121.473126
08BEAC245E02,2023-06-30,10:35:53,31.0,93.0,5.0,24.686842,121.798426
08BEAC245F4A,2023-06-30,10:35:57,30.0,100.0,5.0,24.5968,121.841078
08BEAC245D64,2023-06-30,10:36:14,30.0,98.0,5.0,24.62168,121.834905
08BEAC252820,2023-06-30,10:36:17,32.1,100.0,5.0,24.830241,121.0067357
08BEAC245ED4,2023-06-30,10:36:36,28.7,100.0,4.0,24.61402,121.853386
08BEAC252862,2023-06-30,10:36:54,29.7,100.0,0.0,24.780019,121.180754
08BEAC245CF6,2023-06-30,10:37:11,30.2,100.0,4.0,23.468906434845,120.46094857156
08BEAC252B9A,2023-06-30,10:37:13,26.1,100.0,9.0,24.6250013,121.1482569
08BEAC252C20,2023-06-30,10:37:35,28.5,100.0,3.0,24.574514,121.47802
08BEAC245C4E,2023-06-30,10:37:58,29.2,100.0,6.0,24.374115,120.8436439
08BEAC252BA0,2023-06-30,10:38:19,32.0,100.0,4.0,24.6752335,121.0590723
08BEAC2528CE,2023-06-30,10:39:22,31.2,100.0,1.0,24.7530748,121.7550418
08BEAC25291A,2023-06-30,10:39:23,31.8,100.0,4.0,24.9027334,120.9912667
08BEAC245F6A,2023-06-30,10:39:45,31.1,100.0,4.0,24.7457187,121.0847249
08BEAC252AE2,2023-06-30,10:40:04,24.7,100.0,8.0,24.4373287,121.3807443
08BEAC245C7A,2023-06-30,10:40:19,31.8,100.0,8.0,24.649751,120.9531952
08BEAC245F3C,2023-06-30,10:40:24,30.0,100.0,5.0,24.639860153198,121.83334350585
08BEAC245DA6,2023-06-30,10:40:58,30.0,100.0,3.0,23.4844262,120.4874326
08BEAC252838,2023-06-30,10:41:00,28.7,100.0,4.0,23.819479,121.473126
08BEAC245E02,2023-06-30,10:41:07,31.0,93.0,6.0,24.686842,121.798426
08BEAC245F4A,2023-06-30,10:41:11,30.0,100.0,5.0,24.5968,121.841078
08BEAC245D64,2023-06-30,10:41:30,30.0,98.0,5.0,24.62168,121.834905
08BEAC252820,2023-06-30,10:41:32,32.1,100.0,5.0,24.830241,121.0067357
08BEAC245ED4,2023-06-30,10:41:52,28.7,100.0,4.0,24.61402,121.853386
08BEAC252862,2023-06-30,10:42:08,29.6,100.0,0.0,24.780019,121.180754
08BEAC245CF6,2023-06-30,10:42:26,30.2,100.0,5.0,23.468906434845,120.46094857156
08BEAC252B9A,2023-06-30,10:42:27,26.1,100.0,8.0,24.6250013,121.1482569
08BEAC252C20,2023-06-30,10:42:50,28.6,100.0,3.0,24.574514,121.47802
08BEAC245C4E,2023-06-30,10:43:12,29.0,100.0,6.0,24.374115,120.8436439
08BEAC245B1C,2023-06-30,10:43:24,30.6,100.0,6.0,24.602338,120.77856
08BEAC252BA0,2023-06-30,10:43:35,32.0,100.0,5.0,24.6752335,121.0590723
08BEAC25291A,2023-06-30,10:44:37,31.8,100.0,4.0,24.9027334,120.9912667
08BEAC2528CE,2023-06-30,10:44:40,31.1,100.0,3.0,24.7530748,121.7550418
08BEAC245F6A,2023-06-30,10:45:00,30.8,100.0,3.0,24.7457187,121.0847249
08BEAC252AE2,2023-06-30,10:45:18,24.8,100.0,8.0,24.4373287,121.3807443
08BEAC245C7A,2023-06-30,10:45:34,31.8,100.0,8.0,24.649751,120.9531952
08BEAC245F3C,2023-06-30,10:45:39,30.0,100.0,5.0,24.639860153198,121.83334350585
08BEAC245DA6,2023-06-30,10:46:12,30.0,100.0,2.0,23.4844262,120.4874326
08BEAC252838,2023-06-30,10:46:15,28.7,100.0,3.0,23.819479,121.473126
08BEAC245E02,2023-06-30,10:46:22,31.0,93.0,6.0,24.686842,121.798426
08BEAC245F4A,2023-06-30,10:46:27,29.8,100.0,5.0,24.5968,121.841078
08BEAC245D64,2023-06-30,10:46:46,30.0,99.0,4.0,24.62168,121.834905
08BEAC252820,2023-06-30,10:46:49,32.1,100.0,5.0,24.830241,121.0067357
08BEAC245ED4,2023-06-30,10:47:07,28.8,100.0,5.0,24.61402,121.853386
08BEAC252862,2023-06-30,10:47:24,29.6,100.0,0.0,24.780019,121.180754
08BEAC245CF6,2023-06-30,10:47:41,30.2,100.0,5.0,23.468906434845,120.46094857156
08BEAC252B9A,2023-06-30,10:47:42,26.1,100.0,10.0,24.6250013,121.1482569
08BEAC252C20,2023-06-30,10:48:05,28.6,100.0,3.0,24.574514,121.47802
08BEAC245C4E,2023-06-30,10:48:28,29.1,100.0,6.0,24.374115,120.8436439
08BEAC245B1C,2023-06-30,10:48:39,30.3,100.0,6.0,24.602338,120.77856
08BEAC252BA0,2023-06-30,10:48:51,31.8,100.0,5.0,24.6752335,121.0590723
08BEAC25291A,2023-06-30,10:49:52,31.7,100.0,5.0,24.9027334,120.9912667
08BEAC2528CE,2023-06-30,10:49:55,31.2,100.0,3.0,24.7530748,121.7550418
08BEAC245F6A,2023-06-30,10:50:15,31.0,100.0,4.0,24.7457187,121.0847249
08BEAC245C7A,2023-06-30,10:50:50,31.8,100.0,8.0,24.649751,120.9531952
08BEAC245F3C,2023-06-30,10:50:54,30.0,100.0,6.0,24.639860153198,121.83334350585
08BEAC245DA6,2023-06-30,10:51:29,30.0,100.0,2.0,23.4844262,120.4874326
08BEAC252838,2023-06-30,10:51:31,28.7,100.0,3.0,23.819479,121.473126
08BEAC245E02,2023-06-30,10:51:36,31.0,93.0,6.0,24.686842,121.798426
08BEAC245F4A,2023-06-30,10:51:42,29.8,100.0,4.0,24.5968,121.841078
08BEAC245D64,2023-06-30,10:51:59,30.0,99.0,4.0,24.62168,121.834905
08BEAC252820,2023-06-30,10:52:05,32.1,100.0,6.0,24.830241,121.0067357
08BEAC245ED4,2023-06-30,10:52:23,28.8,100.0,4.0,24.61402,121.853386
08BEAC252862,2023-06-30,10:52:39,29.5,100.0,0.0,24.780019,121.180754
08BEAC245CF6,2023-06-30,10:52:56,30.1,100.0,5.0,23.468906434845,120.46094857156
08BEAC252B9A,2023-06-30,10:52:57,26.0,100.0,11.0,24.6250013,121.1482569
08BEAC252C20,2023-06-30,10:53:18,28.6,100.0,3.0,24.574514,121.47802
08BEAC245C4E,2023-06-30,10:53:44,29.1,100.0,6.0,24.374115,120.8436439
08BEAC245B1C,2023-06-30,10:53:56,30.2,100.0,6.0,24.602338,120.77856
08BEAC252BA0,2023-06-30,10:54:05,31.7,100.0,5.0,24.6752335,121.0590723
08BEAC25291A,2023-06-30,10:55:05,31.7,100.0,4.0,24.9027334,120.9912667
08BEAC2528CE,2023-06-30,10:55:11,31.1,100.0,3.0,24.7530748,121.7550418
08BEAC245F6A,2023-06-30,10:55:31,30.7,100.0,3.0,24.7457187,121.0847249
08BEAC245C7A,2023-06-30,10:56:04,31.7,100.0,7.0,24.649751,120.9531952
08BEAC245F3C,2023-06-30,10:56:10,29.8,100.0,5.0,24.639860153198,121.83334350585
08BEAC252838,2023-06-30,10:56:47,28.7,100.0,3.0,23.819479,121.473126
08BEAC245DA6,2023-06-30,10:56:50,30.0,100.0,2.0,23.4844262,120.4874326
08BEAC245E02,2023-06-30,10:56:51,30.8,93.0,6.0,24.686842,121.798426
08BEAC245F4A,2023-06-30,10:56:58,29.8,100.0,4.0,24.5968,121.841078
08BEAC245D64,2023-06-30,10:57:13,30.0,100.0,4.0,24.62168,121.834905
08BEAC252820,2023-06-30,10:57:22,32.1,100.0,5.0,24.830241,121.0067357
08BEAC245ED4,2023-06-30,10:57:42,29.1,100.0,4.0,24.61402,121.853386
08BEAC252862,2023-06-30,10:57:54,29.2,100.0,0.0,24.780019,121.180754
08BEAC245CF6,2023-06-30,10:58:11,30.1,100.0,5.0,23.468906434845,120.46094857156
08BEAC252B9A,2023-06-30,10:58:11,26.0,100.0,10.0,24.6250013,121.1482569
08BEAC252C20,2023-06-30,10:58:33,28.5,100.0,3.0,24.574514,121.47802
08BEAC245C4E,2023-06-30,10:59:00,29.0,100.0,6.0,24.374115,120.8436439
08BEAC245B1C,2023-06-30,10:59:10,30.1,100.0,7.0,24.602338,120.77856
08BEAC252BA0,2023-06-30,10:59:21,31.6,100.0,5.0,24.6752335,121.0590723
08BEAC25291A,2023-06-30,11:00:22,31.6,100.0,4.0,24.9027334,120.9912667
08BEAC2528CE,2023-06-30,11:00:27,30.8,100.0,3.0,24.7530748,121.7550418
08BEAC245F6A,2023-06-30,11:00:47,30.7,100.0,3.0,24.7457187,121.0847249
08BEAC245C7A,2023-06-30,11:01:20,31.7,100.0,7.0,24.649751,120.9531952
08BEAC245F3C,2023-06-30,11:01:26,29.7,100.0,5.0,24.639860153198,121.83334350585
08BEAC252AE2,2023-06-30,11:01:51,25.3,100.0,7.0,24.4373287,121.3807443
08BEAC245E02,2023-06-30,11:02:05,30.8,93.0,7.0,24.686842,121.798426
08BEAC245DA6,2023-06-30,11:02:06,29.8,100.0,2.0,23.4844262,120.4874326
08BEAC252838,2023-06-30,11:02:08,28.7,100.0,3.0,23.819479,121.473126
08BEAC245F4A,2023-06-30,11:02:12,29.8,100.0,4.0,24.5968,121.841078
08BEAC245D64,2023-06-30,11:02:28,29.8,100.0,4.0,24.62168,121.834905
08BEAC252820,2023-06-30,11:02:35,32.1,100.0,5.0,24.830241,121.0067357
08BEAC245ED4,2023-06-30,11:02:56,29.2,100.0,4.0,24.61402,121.853386
08BEAC252862,2023-06-30,11:03:10,28.8,100.0,0.0,24.780019,121.180754
08BEAC252B9A,2023-06-30,11:03:25,26.0,100.0,10.0,24.6250013,121.1482569
08BEAC245CF6,2023-06-30,11:03:26,30.1,100.0,5.0,23.468906434845,120.46094857156
08BEAC252C20,2023-06-30,11:03:46,28.5,100.0,3.0,24.574514,121.47802
08BEAC245C4E,2023-06-30,11:04:17,29.1,100.0,6.0,24.374115,120.8436439
08BEAC245B1C,2023-06-30,11:04:25,30.1,100.0,7.0,24.602338,120.77856
08BEAC252BA0,2023-06-30,11:04:37,31.5,100.0,5.0,24.6752335,121.0590723
08BEAC25291A,2023-06-30,11:05:37,31.6,100.0,4.0,24.9027334,120.9912667
08BEAC2528CE,2023-06-30,11:05:46,30.7,100.0,4.0,24.7530748,121.7550418
08BEAC245F6A,2023-06-30,11:06:03,30.5,100.0,2.0,24.7457187,121.0847249
08BEAC245C7A,2023-06-30,11:06:38,31.6,100.0,6.0,24.649751,120.9531952
08BEAC245F3C,2023-06-30,11:06:45,29.7,100.0,8.0,24.639860153198,121.83334350585
08BEAC252AE2,2023-06-30,11:07:07,25.5,100.0,7.0,24.4373287,121.3807443
08BEAC245DA6,2023-06-30,11:07:20,29.8,100.0,2.0,23.4844262,120.4874326
08BEAC245E02,2023-06-30,11:07:20,30.8,93.0,7.0,24.686842,121.798426
08BEAC252838,2023-06-30,11:07:23,28.6,100.0,3.0,23.819479,121.473126
08BEAC245F4A,2023-06-30,11:07:27,29.6,100.0,5.0,24.5968,121.841078
08BEAC245D64,2023-06-30,11:07:45,29.8,100.0,3.0,24.62168,121.834905
08BEAC252820,2023-06-30,11:07:53,32.1,100.0,5.0,24.830241,121.0067357
08BEAC245ED4,2023-06-30,11:08:11,29.1,100.0,4.0,24.61402,121.853386
08BEAC252862,2023-06-30,11:08:23,28.8,100.0,0.0,24.780019,121.180754
08BEAC245CF6,2023-06-30,11:08:39,30.0,100.0,5.0,23.468906434845,120.46094857156
08BEAC252B9A,2023-06-30,11:08:41,26.0,100.0,10.0,24.6250013,121.1482569
08BEAC252C20,2023-06-30,11:09:10,28.3,100.0,3.0,24.574514,121.47802
08BEAC245C4E,2023-06-30,11:09:33,29.1,100.0,6.0,24.374115,120.8436439
08BEAC245B1C,2023-06-30,11:09:39,30.1,100.0,7.0,24.602338,120.77856
08BEAC252BA0,2023-06-30,11:09:51,31.5,100.0,5.0,24.6752335,121.0590723
08BEAC25291A,2023-06-30,11:10:52,31.6,100.0,5.0,24.9027334,120.9912667
08BEAC2528CE,2023-06-30,11:11:02,30.6,100.0,4.0,24.7530748,121.7550418
08BEAC245F6A,2023-06-30,11:11:17,30.5,100.0,2.0,24.7457187,121.0847249
08BEAC245C7A,2023-06-30,11:11:52,31.5,100.0,6.0,24.649751,120.9531952
08BEAC245F3C,2023-06-30,11:12:00,29.7,100.0,14.0,24.639860153198,121.83334350585
08BEAC252AE2,2023-06-30,11:12:29,25.6,100.0,7.0,24.4373287,121.3807443
08BEAC245E02,2023-06-30,11:12:34,30.8,93.0,7.0,24.686842,121.798426
08BEAC245DA6,2023-06-30,11:12:36,29.8,100.0,2.0,23.4844262,120.4874326
08BEAC252838,2023-06-30,11:12:38,28.3,100.0,3.0,23.819479,121.473126
08BEAC245F4A,2023-06-30,11:12:43,29.5,100.0,4.0,24.5968,121.841078
08BEAC245D64,2023-06-30,11:13:01,29.7,99.0,3.0,24.62168,121.834905
08BEAC252820,2023-06-30,11:13:09,32.1,100.0,5.0,24.830241,121.0067357
08BEAC245ED4,2023-06-30,11:13:25,28.6,100.0,4.0,24.61402,121.853386
08BEAC252862,2023-06-30,11:13:39,28.8,100.0,0.0,24.780019,121.180754
08BEAC245CF6,2023-06-30,11:13:55,30.0,100.0,5.0,23.468906434845,120.46094857156
08BEAC252B9A,2023-06-30,11:13:56,26.0,100.0,10.0,24.6250013,121.1482569
08BEAC252C20,2023-06-30,11:14:25,28.2,100.0,3.0,24.574514,121.47802
08BEAC245C4E,2023-06-30,11:14:48,28.8,100.0,6.0,24.374115,120.8436439
08BEAC245B1C,2023-06-30,11:14:55,30.1,100.0,8.0,24.602338,120.77856
08BEAC252BA0,2023-06-30,11:15:05,31.5,100.0,5.0,24.6752335,121.0590723
08BEAC25291A,2023-06-30,11:16:06,31.6,100.0,4.0,24.9027334,120.9912667
08BEAC2528CE,2023-06-30,11:16:19,30.5,100.0,4.0,24.7530748,121.7550418
08BEAC245F6A,2023-06-30,11:16:34,30.3,100.0,2.0,24.7457187,121.0847249
08BEAC245C7A,2023-06-30,11:17:07,31.3,100.0,7.0,24.649751,120.9531952
08BEAC245F3C,2023-06-30,11:17:15,29.8,100.0,10.0,24.639860153198,121.83334350585
08BEAC252AE2,2023-06-30,11:17:44,25.6,100.0,7.0,24.4373287,121.3807443
08BEAC245DA6,2023-06-30,11:17:51,29.8,100.0,2.0,23.4844262,120.4874326
08BEAC245E02,2023-06-30,11:17:51,30.8,93.0,6.0,24.686842,121.798426
08BEAC252838,2023-06-30,11:17:52,28.5,100.0,4.0,23.819479,121.473126
08BEAC245F4A,2023-06-30,11:17:59,29.6,100.0,4.0,24.5968,121.841078
08BEAC245D64,2023-06-30,11:18:21,29.7,97.0,3.0,24.62168,121.834905
08BEAC252820,2023-06-30,11:18:23,32.1,100.0,5.0,24.830241,121.0067357
08BEAC245ED4,2023-06-30,11:18:44,28.5,100.0,4.0,24.61402,121.853386
08BEAC252862,2023-06-30,11:18:55,29.0,100.0,0.0,24.780019,121.180754
08BEAC245CF6,2023-06-30,11:19:12,30.0,100.0,6.0,23.468906434845,120.46094857156
08BEAC252B9A,2023-06-30,11:19:18,26.0,100.0,11.0,24.6250013,121.1482569
08BEAC252C20,2023-06-30,11:19:39,28.0,100.0,3.0,24.574514,121.47802
08BEAC245C4E,2023-06-30,11:20:04,29.0,100.0,6.0,24.374115,120.8436439
08BEAC245B1C,2023-06-30,11:20:12,30.1,100.0,7.0,24.602338,120.77856
08BEAC252BA0,2023-06-30,11:20:20,31.5,100.0,4.0,24.6752335,121.0590723
08BEAC25291A,2023-06-30,11:21:26,31.6,100.0,3.0,24.9027334,120.9912667
08BEAC2528CE,2023-06-30,11:21:38,30.3,100.0,4.0,24.7530748,121.7550418
08BEAC245F6A,2023-06-30,11:21:50,30.5,100.0,2.0,24.7457187,121.0847249
08BEAC245C7A,2023-06-30,11:22:22,31.3,100.0,6.0,24.649751,120.9531952
08BEAC245F3C,2023-06-30,11:22:30,29.8,100.0,4.0,24.639860153198,121.83334350585
08BEAC252AE2,2023-06-30,11:22:58,25.6,100.0,7.0,24.4373287,121.3807443
08BEAC245DA6,2023-06-30,11:23:05,29.8,100.0,1.0,23.4844262,120.4874326
08BEAC245E02,2023-06-30,11:23:07,30.8,92.0,5.0,24.686842,121.798426
08BEAC252838,2023-06-30,11:23:08,28.5,100.0,3.0,23.819479,121.473126
08BEAC245F4A,2023-06-30,11:23:13,29.6,100.0,3.0,24.5968,121.841078
08BEAC245D64,2023-06-30,11:23:35,29.7,97.0,4.0,24.62168,121.834905
08BEAC252820,2023-06-30,11:23:39,32.1,100.0,5.0,24.830241,121.0067357
08BEAC245ED4,2023-06-30,11:24:00,28.3,100.0,3.0,24.61402,121.853386
08BEAC252862,2023-06-30,11:24:09,29.0,100.0,0.0,24.780019,121.180754
08BEAC245CF6,2023-06-30,11:24:28,29.8,100.0,5.0,23.468906434845,120.46094857156
08BEAC252B9A,2023-06-30,11:24:31,25.8,100.0,12.0,24.6250013,121.1482569
08BEAC252C20,2023-06-30,11:24:56,28.0,100.0,3.0,24.574514,121.47802
08BEAC245C4E,2023-06-30,11:25:20,29.0,100.0,6.0,24.374115,120.8436439
08BEAC245B1C,2023-06-30,11:25:28,30.2,100.0,12.0,24.602338,120.77856
08BEAC252BA0,2023-06-30,11:25:35,31.3,100.0,4.0,24.6752335,121.0590723
08BEAC25291A,2023-06-30,11:26:41,31.6,100.0,3.0,24.9027334,120.9912667
08BEAC2528CE,2023-06-30,11:26:55,30.3,100.0,4.0,24.7530748,121.7550418
08BEAC245F6A,2023-06-30,11:27:04,30.5,100.0,2.0,24.7457187,121.0847249
08BEAC245C7A,2023-06-30,11:27:36,31.3,100.0,7.0,24.649751,120.9531952
08BEAC245F3C,2023-06-30,11:27:46,29.8,100.0,4.0,24.639860153198,121.83334350585
08BEAC252AE2,2023-06-30,11:28:13,25.5,100.0,9.0,24.4373287,121.3807443
08BEAC245E02,2023-06-30,11:28:20,30.8,92.0,5.0,24.686842,121.798426
08BEAC245DA6,2023-06-30,11:28:21,29.8,100.0,2.0,23.4844262,120.4874326
08BEAC252838,2023-06-30,11:28:23,28.5,100.0,4.0,23.819479,121.473126
08BEAC245F4A,2023-06-30,11:28:27,29.6,100.0,4.0,24.5968,121.841078
08BEAC245D64,2023-06-30,11:28:52,29.7,97.0,3.0,24.62168,121.834905
08BEAC252820,2023-06-30,11:28:54,32.0,100.0,5.0,24.830241,121.0067357
08BEAC245ED4,2023-06-30,11:29:15,28.5,100.0,3.0,24.61402,121.853386
08BEAC252862,2023-06-30,11:29:24,29.0,100.0,1.0,24.780019,121.180754
08BEAC245CF6,2023-06-30,11:29:44,30.0,100.0,6.0,23.468906434845,120.46094857156
08BEAC252B9A,2023-06-30,11:29:46,25.7,100.0,13.0,24.6250013,121.1482569
08BEAC252C20,2023-06-30,11:30:11,27.8,100.0,3.0,24.574514,121.47802
08BEAC245C4E,2023-06-30,11:30:35,28.8,100.0,6.0,24.374115,120.8436439
08BEAC245B1C,2023-06-30,11:30:44,30.2,100.0,8.0,24.602338,120.77856
08BEAC252BA0,2023-06-30,11:30:52,31.2,100.0,4.0,24.6752335,121.0590723
08BEAC25291A,2023-06-30,11:31:57,31.6,100.0,3.0,24.9027334,120.9912667
08BEAC2528CE,2023-06-30,11:32:13,30.5,100.0,4.0,24.7530748,121.7550418
08BEAC245F6A,2023-06-30,11:32:19,30.6,100.0,3.0,24.7457187,121.0847249
08BEAC245C7A,2023-06-30,11:32:49,31.2,100.0,7.0,24.649751,120.9531952
08BEAC245F3C,2023-06-30,11:33:02,29.8,100.0,4.0,24.639860153198,121.83334350585
08BEAC252AE2,2023-06-30,11:33:28,25.5,100.0,10.0,24.4373287,121.3807443
08BEAC245E02,2023-06-30,11:33:34,30.8,92.0,5.0,24.686842,121.798426
08BEAC245DA6,2023-06-30,11:33:38,29.8,100.0,1.0,23.4844262,120.4874326
08BEAC252838,2023-06-30,11:33:41,28.6,100.0,3.0,23.819479,121.473126
08BEAC245F4A,2023-06-30,11:33:42,29.6,100.0,3.0,24.5968,121.841078
08BEAC252820,2023-06-30,11:34:09,32.0,100.0,5.0,24.830241,121.0067357
08BEAC245D64,2023-06-30,11:34:10,29.6,95.0,3.0,24.62168,121.834905
08BEAC245ED4,2023-06-30,11:34:31,28.2,100.0,3.0,24.61402,121.853386
08BEAC252862,2023-06-30,11:34:39,29.0,100.0,0.0,24.780019,121.180754
08BEAC245CF6,2023-06-30,11:34:58,30.0,100.0,6.0,23.468906434845,120.46094857156
08BEAC252C20,2023-06-30,11:35:24,27.8,100.0,3.0,24.574514,121.47802
08BEAC245C4E,2023-06-30,11:35:52,28.8,100.0,6.0,24.374115,120.8436439
08BEAC245B1C,2023-06-30,11:36:00,30.1,100.0,8.0,24.602338,120.77856
08BEAC252BA0,2023-06-30,11:36:06,31.2,100.0,4.0,24.6752335,121.0590723
08BEAC25291A,2023-06-30,11:37:12,31.6,100.0,3.0,24.9027334,120.9912667
08BEAC245F6A,2023-06-30,11:37:33,30.6,100.0,3.0,24.7457187,121.0847249
08BEAC245C7A,2023-06-30,11:38:04,31.2,100.0,8.0,24.649751,120.9531952
08BEAC245F3C,2023-06-30,11:38:17,29.7,100.0,3.0,24.639860153198,121.83334350585
08BEAC252AE2,2023-06-30,11:38:43,25.5,100.0,7.0,24.4373287,121.3807443
08BEAC245E02,2023-06-30,11:38:48,30.7,91.0,5.0,24.686842,121.798426
08BEAC245DA6,2023-06-30,11:38:53,29.8,100.0,1.0,23.4844262,120.4874326
08BEAC252838,2023-06-30,11:38:56,28.6,100.0,3.0,23.819479,121.473126
08BEAC245F4A,2023-06-30,11:38:57,29.6,100.0,3.0,24.5968,121.841078
08BEAC252820,2023-06-30,11:39:23,32.0,100.0,5.0,24.830241,121.0067357
08BEAC245D64,2023-06-30,11:39:24,29.6,96.0,3.0,24.62168,121.834905
08BEAC245ED4,2023-06-30,11:39:46,28.3,100.0,2.0,24.61402,121.853386
08BEAC252862,2023-06-30,11:39:53,28.8,100.0,0.0,24.780019,121.180754
08BEAC245CF6,2023-06-30,11:40:16,30.0,100.0,6.0,23.468906434845,120.46094857156
08BEAC252C20,2023-06-30,11:40:40,27.8,100.0,4.0,24.574514,121.47802
08BEAC245C4E,2023-06-30,11:41:07,28.8,100.0,7.0,24.374115,120.8436439
08BEAC245B1C,2023-06-30,11:41:16,30.1,100.0,8.0,24.602338,120.77856
08BEAC252BA0,2023-06-30,11:41:22,31.2,100.0,4.0,24.6752335,121.0590723
08BEAC25291A,2023-06-30,11:42:28,31.6,100.0,4.0,24.9027334,120.9912667
08BEAC245F6A,2023-06-30,11:42:49,30.5,100.0,3.0,24.7457187,121.0847249
08BEAC2528CE,2023-06-30,11:43:09,30.2,100.0,3.0,24.7530748,121.7550418
08BEAC245C7A,2023-06-30,11:43:20,31.2,100.0,8.0,24.649751,120.9531952
08BEAC245F3C,2023-06-30,11:43:30,29.7,100.0,3.0,24.639860153198,121.83334350585
08BEAC252AE2,2023-06-30,11:43:57,25.3,100.0,6.0,24.4373287,121.3807443
08BEAC245E02,2023-06-30,11:44:02,30.7,90.0,4.0,24.686842,121.798426
08BEAC245DA6,2023-06-30,11:44:08,29.7,100.0,1.0,23.4844262,120.4874326
08BEAC252838,2023-06-30,11:44:13,28.6,100.0,3.0,23.819479,121.473126
08BEAC245F4A,2023-06-30,11:44:15,29.6,100.0,3.0,24.5968,121.841078
08BEAC245D64,2023-06-30,11:44:38,29.6,95.0,3.0,24.62168,121.834905
08BEAC252820,2023-06-30,11:44:38,32.0,100.0,5.0,24.830241,121.0067357
08BEAC252862,2023-06-30,11:45:10,28.7,100.0,0.0,24.780019,121.180754
08BEAC245CF6,2023-06-30,11:45:29,30.0,100.0,6.0,23.468906434845,120.46094857156
08BEAC252C20,2023-06-30,11:45:54,27.8,100.0,4.0,24.574514,121.47802
08BEAC245C4E,2023-06-30,11:46:21,28.8,100.0,7.0,24.374115,120.8436439
08BEAC252B9A,2023-06-30,11:46:25,25.7,100.0,12.0,24.6250013,121.1482569
08BEAC245B1C,2023-06-30,11:46:32,30.1,100.0,8.0,24.602338,120.77856
08BEAC252BA0,2023-06-30,11:46:40,31.1,100.0,5.0,24.6752335,121.0590723
08BEAC25291A,2023-06-30,11:47:44,31.6,100.0,3.0,24.9027334,120.9912667
08BEAC245F6A,2023-06-30,11:48:05,30.3,100.0,2.0,24.7457187,121.0847249
08BEAC2528CE,2023-06-30,11:48:26,30.2,100.0,3.0,24.7530748,121.7550418
08BEAC245C7A,2023-06-30,11:48:34,31.1,100.0,8.0,24.649751,120.9531952
08BEAC245F3C,2023-06-30,11:48:46,29.6,100.0,3.0,24.639860153198,121.83334350585
08BEAC252AE2,2023-06-30,11:49:10,25.2,100.0,8.0,24.4373287,121.3807443
08BEAC245E02,2023-06-30,11:49:16,30.7,91.0,4.0,24.686842,121.798426
08BEAC245DA6,2023-06-30,11:49:23,29.8,100.0,1.0,23.4844262,120.4874326
08BEAC252838,2023-06-30,11:49:28,28.5,100.0,3.0,23.819479,121.473126
08BEAC245F4A,2023-06-30,11:49:30,29.6,100.0,3.0,24.5968,121.841078
08BEAC252820,2023-06-30,11:49:51,31.8,100.0,5.0,24.830241,121.0067357
08BEAC245D64,2023-06-30,11:49:56,29.6,95.0,3.0,24.62168,121.834905
08BEAC245ED4,2023-06-30,11:50:17,28.6,100.0,2.0,24.61402,121.853386
08BEAC252862,2023-06-30,11:50:25,28.8,100.0,0.0,24.780019,121.180754
08BEAC245CF6,2023-06-30,11:50:46,29.8,100.0,6.0,23.468906434845,120.46094857156
08BEAC252C20,2023-06-30,11:51:10,27.8,100.0,3.0,24.574514,121.47802
08BEAC245C4E,2023-06-30,11:51:37,28.8,100.0,7.0,24.374115,120.8436439
08BEAC252B9A,2023-06-30,11:51:39,25.7,100.0,12.0,24.6250013,121.1482569
08BEAC245B1C,2023-06-30,11:51:48,30.2,100.0,8.0,24.602338,120.77856
08BEAC252BA0,2023-06-30,11:51:53,31.1,100.0,5.0,24.6752335,121.0590723
08BEAC25291A,2023-06-30,11:53:02,31.6,100.0,4.0,24.9027334,120.9912667
08BEAC245F6A,2023-06-30,11:53:21,30.2,100.0,2.0,24.7457187,121.0847249
08BEAC2528CE,2023-06-30,11:53:41,30.3,100.0,3.0,24.7530748,121.7550418
08BEAC245C7A,2023-06-30,11:53:50,31.0,100.0,8.0,24.649751,120.9531952
08BEAC245F3C,2023-06-30,11:54:00,29.6,100.0,3.0,24.639860153198,121.83334350585
08BEAC252AE2,2023-06-30,11:54:28,25.2,100.0,8.0,24.4373287,121.3807443
08BEAC245E02,2023-06-30,11:54:32,30.7,91.0,4.0,24.686842,121.798426
08BEAC245DA6,2023-06-30,11:54:37,29.8,100.0,1.0,23.4844262,120.4874326
08BEAC252838,2023-06-30,11:54:43,28.2,100.0,3.0,23.819479,121.473126
08BEAC245F4A,2023-06-30,11:54:44,29.6,100.0,3.0,24.5968,121.841078
08BEAC252820,2023-06-30,11:55:05,31.8,100.0,5.0,24.830241,121.0067357
08BEAC245D64,2023-06-30,11:55:11,29.7,96.0,3.0,24.62168,121.834905
08BEAC245ED4,2023-06-30,11:55:33,28.6,100.0,2.0,24.61402,121.853386
08BEAC252862,2023-06-30,11:55:38,28.7,100.0,0.0,24.780019,121.180754
08BEAC245CF6,2023-06-30,11:56:03,29.8,100.0,6.0,23.468906434845,120.46094857156
08BEAC252C20,2023-06-30,11:56:26,27.6,100.0,4.0,24.574514,121.47802
08BEAC252B9A,2023-06-30,11:56:54,25.7,100.0,12.0,24.6250013,121.1482569
08BEAC245B1C,2023-06-30,11:57:07,30.3,100.0,7.0,24.602338,120.77856
08BEAC252BA0,2023-06-30,11:57:09,31.1,100.0,5.0,24.6752335,121.0590723
08BEAC25291A,2023-06-30,11:58:25,31.5,100.0,4.0,24.9027334,120.9912667
08BEAC245F6A,2023-06-30,11:58:36,30.3,100.0,2.0,24.7457187,121.0847249
08BEAC245C7A,2023-06-30,11:59:04,31.0,100.0,8.0,24.649751,120.9531952
08BEAC245F3C,2023-06-30,11:59:17,29.5,100.0,3.0,24.639860153198,121.83334350585
08BEAC2528CE,2023-06-30,11:59:17,30.3,100.0,4.0,24.7530748,121.7550418
08BEAC252AE2,2023-06-30,11:59:42,25.3,100.0,8.0,24.4373287,121.3807443
08BEAC245E02,2023-06-30,11:59:48,30.7,90.0,4.0,24.686842,121.798426
08BEAC245DA6,2023-06-30,11:59:53,29.8,100.0,1.0,23.4844262,120.4874326
08BEAC252838,2023-06-30,11:59:58,28.3,100.0,3.0,23.819479,121.473126
08BEAC245F4A,2023-06-30,12:00:02,29.6,100.0,3.0,24.5968,121.841078
08BEAC252820,2023-06-30,12:00:20,31.7,100.0,5.0,24.830241,121.0067357
08BEAC245D64,2023-06-30,12:00:25,29.6,97.0,3.0,24.62168,121.834905
08BEAC252862,2023-06-30,12:00:53,28.8,100.0,0.0,24.780019,121.180754
08BEAC245ED4,2023-06-30,12:00:55,28.5,100.0,3.0,24.61402,121.853386
08BEAC245CF6,2023-06-30,12:01:19,29.8,100.0,6.0,23.468906434845,120.46094857156
08BEAC252C20,2023-06-30,12:01:40,27.7,100.0,4.0,24.574514,121.47802
08BEAC245C4E,2023-06-30,12:02:03,28.8,100.0,7.0,24.374115,120.8436439
08BEAC252B9A,2023-06-30,12:02:11,25.7,100.0,11.0,24.6250013,121.1482569
08BEAC245B1C,2023-06-30,12:02:21,30.1,100.0,7.0,24.602338,120.77856
08BEAC252BA0,2023-06-30,12:02:25,31.0,100.0,5.0,24.6752335,121.0590723
08BEAC25291A,2023-06-30,12:03:41,31.5,100.0,4.0,24.9027334,120.9912667
08BEAC245F6A,2023-06-30,12:03:52,30.3,100.0,2.0,24.7457187,121.0847249
08BEAC245C7A,2023-06-30,12:04:19,30.8,100.0,8.0,24.649751,120.9531952
08BEAC2528CE,2023-06-30,12:04:32,30.3,100.0,3.0,24.7530748,121.7550418
08BEAC245F3C,2023-06-30,12:04:34,29.5,100.0,3.0,24.639860153198,121.83334350585
08BEAC252AE2,2023-06-30,12:04:56,25.3,100.0,10.0,24.4373287,121.3807443
08BEAC245E02,2023-06-30,12:05:03,30.7,90.0,4.0,24.686842,121.798426
08BEAC245DA6,2023-06-30,12:05:07,29.8,100.0,2.0,23.4844262,120.4874326
08BEAC252838,2023-06-30,12:05:15,28.3,100.0,3.0,23.819479,121.473126
08BEAC245F4A,2023-06-30,12:05:18,29.5,100.0,3.0,24.5968,121.841078
08BEAC252820,2023-06-30,12:05:35,31.8,100.0,5.0,24.830241,121.0067357
08BEAC245D64,2023-06-30,12:05:39,29.6,96.0,4.0,24.62168,121.834905
08BEAC252862,2023-06-30,12:06:09,28.7,100.0,0.0,24.780019,121.180754
08BEAC245ED4,2023-06-30,12:06:15,28.6,100.0,2.0,24.61402,121.853386
08BEAC245CF6,2023-06-30,12:06:35,29.8,100.0,7.0,23.468906434845,120.46094857156
08BEAC252C20,2023-06-30,12:06:56,27.6,100.0,4.0,24.574514,121.47802
08BEAC245C4E,2023-06-30,12:07:17,28.8,100.0,6.0,24.374115,120.8436439
08BEAC252B9A,2023-06-30,12:07:27,25.7,100.0,13.0,24.6250013,121.1482569
08BEAC245B1C,2023-06-30,12:07:37,30.1,100.0,7.0,24.602338,120.77856
08BEAC252BA0,2023-06-30,12:07:41,30.8,100.0,5.0,24.6752335,121.0590723
08BEAC25291A,2023-06-30,12:08:56,31.5,100.0,4.0,24.9027334,120.9912667
08BEAC245F6A,2023-06-30,12:09:08,30.3,100.0,1.0,24.7457187,121.0847249
08BEAC245C7A,2023-06-30,12:09:34,30.7,100.0,8.0,24.649751,120.9531952
08BEAC2528CE,2023-06-30,12:09:47,30.3,100.0,4.0,24.7530748,121.7550418
08BEAC245F3C,2023-06-30,12:09:49,29.3,100.0,3.0,24.639860153198,121.83334350585
08BEAC252AE2,2023-06-30,12:10:13,25.3,100.0,9.0,24.4373287,121.3807443
08BEAC245E02,2023-06-30,12:10:21,30.7,91.0,4.0,24.686842,121.798426
08BEAC245DA6,2023-06-30,12:10:24,29.8,100.0,2.0,23.4844262,120.4874326
08BEAC252838,2023-06-30,12:10:30,28.3,100.0,3.0,23.819479,121.473126
08BEAC245F4A,2023-06-30,12:10:35,29.5,100.0,3.0,24.5968,121.841078
08BEAC252820,2023-06-30,12:10:50,31.8,100.0,5.0,24.830241,121.0067357
08BEAC245D64,2023-06-30,12:10:53,29.5,97.0,4.0,24.62168,121.834905
08BEAC252862,2023-06-30,12:11:23,28.7,100.0,0.0,24.780019,121.180754
08BEAC245ED4,2023-06-30,12:11:30,28.6,100.0,2.0,24.61402,121.853386
08BEAC245CF6,2023-06-30,12:11:51,29.8,100.0,8.0,23.468906434845,120.46094857156
08BEAC252C20,2023-06-30,12:12:11,27.6,100.0,4.0,24.574514,121.47802
08BEAC245C4E,2023-06-30,12:12:35,28.8,100.0,7.0,24.374115,120.8436439
08BEAC252B9A,2023-06-30,12:12:42,25.7,100.0,12.0,24.6250013,121.1482569
08BEAC245B1C,2023-06-30,12:12:54,30.2,100.0,7.0,24.602338,120.77856
08BEAC252BA0,2023-06-30,12:12:55,30.8,100.0,5.0,24.6752335,121.0590723
08BEAC25291A,2023-06-30,12:14:10,31.5,100.0,4.0,24.9027334,120.9912667
08BEAC245F6A,2023-06-30,12:14:22,30.1,100.0,1.0,24.7457187,121.0847249
08BEAC245C7A,2023-06-30,12:14:47,30.7,100.0,8.0,24.649751,120.9531952
08BEAC2528CE,2023-06-30,12:15:03,30.3,100.0,3.0,24.7530748,121.7550418
08BEAC245F3C,2023-06-30,12:15:04,29.2,100.0,3.0,24.639860153198,121.83334350585
08BEAC252AE2,2023-06-30,12:15:27,25.5,100.0,9.0,24.4373287,121.3807443
08BEAC245E02,2023-06-30,12:15:38,30.7,91.0,4.0,24.686842,121.798426
08BEAC245DA6,2023-06-30,12:15:42,29.8,100.0,2.0,23.4844262,120.4874326
08BEAC245F4A,2023-06-30,12:15:50,29.3,100.0,3.0,24.5968,121.841078
08BEAC252838,2023-06-30,12:15:54,28.5,100.0,1.0,23.819479,121.473126
08BEAC252820,2023-06-30,12:16:16,31.8,100.0,5.0,24.830241,121.0067357
08BEAC245D64,2023-06-30,12:16:19,29.5,98.0,4.0,24.62168,121.834905
08BEAC252862,2023-06-30,12:16:42,28.7,100.0,0.0,24.780019,121.180754
08BEAC245ED4,2023-06-30,12:16:51,28.6,100.0,2.0,24.61402,121.853386
08BEAC245CF6,2023-06-30,12:17:06,30.0,100.0,7.0,23.468906434845,120.46094857156
08BEAC252C20,2023-06-30,12:17:27,27.6,100.0,4.0,24.574514,121.47802
08BEAC245C4E,2023-06-30,12:17:55,28.7,100.0,7.0,24.374115,120.8436439
08BEAC252B9A,2023-06-30,12:17:57,25.7,100.0,12.0,24.6250013,121.1482569
08BEAC245B1C,2023-06-30,12:18:08,30.2,100.0,7.0,24.602338,120.77856
08BEAC252BA0,2023-06-30,12:18:10,30.8,100.0,5.0,24.6752335,121.0590723
08BEAC25291A,2023-06-30,12:19:25,31.5,100.0,4.0,24.9027334,120.9912667
08BEAC245F6A,2023-06-30,12:19:37,29.7,100.0,2.0,24.7457187,121.0847249
08BEAC245C7A,2023-06-30,12:20:03,30.7,100.0,9.0,24.649751,120.9531952
08BEAC2528CE,2023-06-30,12:20:21,30.3,100.0,3.0,24.7530748,121.7550418
08BEAC245F3C,2023-06-30,12:20:22,29.2,100.0,4.0,24.639860153198,121.83334350585
08BEAC252AE2,2023-06-30,12:20:42,25.5,100.0,8.0,24.4373287,121.3807443
08BEAC245E02,2023-06-30,12:20:54,30.8,91.0,4.0,24.686842,121.798426
08BEAC245DA6,2023-06-30,12:20:57,29.8,100.0,2.0,23.4844262,120.4874326
08BEAC245F4A,2023-06-30,12:21:09,29.5,100.0,3.0,24.5968,121.841078
08BEAC252838,2023-06-30,12:21:09,28.3,100.0,1.0,23.819479,121.473126
08BEAC252820,2023-06-30,12:21:32,31.7,100.0,6.0,24.830241,121.0067357
08BEAC245D64,2023-06-30,12:21:41,29.5,98.0,3.0,24.62168,121.834905
08BEAC252862,2023-06-30,12:21:58,28.5,100.0,0.0,24.780019,121.180754
08BEAC245ED4,2023-06-30,12:22:10,28.7,100.0,2.0,24.61402,121.853386
08BEAC245CF6,2023-06-30,12:22:21,29.8,100.0,6.0,23.468906434845,120.46094857156
08BEAC252C20,2023-06-30,12:22:47,27.7,100.0,4.0,24.574514,121.47802
08BEAC245C4E,2023-06-30,12:23:11,28.8,100.0,7.0,24.374115,120.8436439
08BEAC252B9A,2023-06-30,12:23:19,25.7,100.0,12.0,24.6250013,121.1482569
08BEAC245B1C,2023-06-30,12:23:24,30.3,100.0,7.0,24.602338,120.77856
08BEAC252BA0,2023-06-30,12:23:29,30.7,100.0,5.0,24.6752335,121.0590723
08BEAC25291A,2023-06-30,12:24:45,31.5,100.0,4.0,24.9027334,120.9912667
08BEAC245F6A,2023-06-30,12:24:56,29.5,100.0,2.0,24.7457187,121.0847249
08BEAC245C7A,2023-06-30,12:25:20,30.7,100.0,8.0,24.649751,120.9531952
08BEAC2528CE,2023-06-30,12:25:39,30.3,100.0,3.0,24.7530748,121.7550418
08BEAC252AE2,2023-06-30,12:25:57,25.6,100.0,9.0,24.4373287,121.3807443
08BEAC245F3C,2023-06-30,12:25:59,29.2,100.0,5.0,24.639860153198,121.83334350585
08BEAC245E02,2023-06-30,12:26:09,30.7,90.0,4.0,24.686842,121.798426
08BEAC245DA6,2023-06-30,12:26:16,29.8,100.0,2.0,23.4844262,120.4874326
08BEAC252838,2023-06-30,12:26:23,28.5,100.0,1.0,23.819479,121.473126
08BEAC245F4A,2023-06-30,12:26:25,29.5,100.0,3.0,24.5968,121.841078
08BEAC252820,2023-06-30,12:26:54,31.7,100.0,5.0,24.830241,121.0067357
08BEAC252862,2023-06-30,12:27:11,28.3,100.0,0.0,24.780019,121.180754
08BEAC245ED4,2023-06-30,12:27:31,29.0,100.0,3.0,24.61402,121.853386
08BEAC245CF6,2023-06-30,12:27:35,29.7,100.0,6.0,23.468906434845,120.46094857156
08BEAC252C20,2023-06-30,12:28:02,27.6,100.0,4.0,24.574514,121.47802
08BEAC245C4E,2023-06-30,12:28:27,28.7,100.0,7.0,24.374115,120.8436439
08BEAC252B9A,2023-06-30,12:28:38,25.7,100.0,13.0,24.6250013,121.1482569
08BEAC245B1C,2023-06-30,12:28:40,30.5,100.0,7.0,24.602338,120.77856
08BEAC252BA0,2023-06-30,12:28:47,30.7,100.0,5.0,24.6752335,121.0590723
08BEAC25291A,2023-06-30,12:30:02,31.5,100.0,4.0,24.9027334,120.9912667
08BEAC245F6A,2023-06-30,12:30:31,29.5,100.0,2.0,24.7457187,121.0847249
08BEAC245C7A,2023-06-30,12:30:40,30.7,100.0,8.0,24.649751,120.9531952
08BEAC2528CE,2023-06-30,12:30:54,30.3,100.0,3.0,24.7530748,121.7550418
08BEAC252AE2,2023-06-30,12:31:16,25.6,100.0,9.0,24.4373287,121.3807443
08BEAC245F3C,2023-06-30,12:31:22,29.2,100.0,7.0,24.639860153198,121.83334350585
08BEAC245E02,2023-06-30,12:31:26,30.6,91.0,4.0,24.686842,121.798426
08BEAC245F4A,2023-06-30,12:31:39,29.3,100.0,3.0,24.5968,121.841078
08BEAC252838,2023-06-30,12:31:41,28.5,100.0,1.0,23.819479,121.473126
08BEAC245DA6,2023-06-30,12:31:54,29.8,100.0,2.0,23.4844262,120.4874326
08BEAC252820,2023-06-30,12:32:15,31.8,100.0,6.0,24.830241,121.0067357
08BEAC245D64,2023-06-30,12:32:19,29.5,98.0,4.0,24.62168,121.834905
08BEAC252862,2023-06-30,12:32:28,28.3,100.0,0.0,24.780019,121.180754
08BEAC245ED4,2023-06-30,12:32:48,29.0,100.0,3.0,24.61402,121.853386
08BEAC245CF6,2023-06-30,12:32:53,29.7,100.0,6.0,23.468906434845,120.46094857156
08BEAC252C20,2023-06-30,12:33:20,27.7,100.0,4.0,24.574514,121.47802
08BEAC245C4E,2023-06-30,12:33:48,28.6,100.0,7.0,24.374115,120.8436439
08BEAC252B9A,2023-06-30,12:33:53,25.7,100.0,14.0,24.6250013,121.1482569
08BEAC245B1C,2023-06-30,12:33:58,30.5,100.0,7.0,24.602338,120.77856
08BEAC252BA0,2023-06-30,12:34:10,30.7,100.0,5.0,24.6752335,121.0590723
08BEAC25291A,2023-06-30,12:35:19,31.5,100.0,5.0,24.9027334,120.9912667
08BEAC245F6A,2023-06-30,12:35:51,29.5,100.0,1.0,24.7457187,121.0847249
08BEAC245C7A,2023-06-30,12:36:01,30.7,100.0,8.0,24.649751,120.9531952
08BEAC2528CE,2023-06-30,12:36:13,30.3,100.0,3.0,24.7530748,121.7550418
08BEAC252AE2,2023-06-30,12:36:38,25.6,100.0,9.0,24.4373287,121.3807443
08BEAC245E02,2023-06-30,12:36:40,30.5,92.0,4.0,24.686842,121.798426
08BEAC252838,2023-06-30,12:36:59,28.2,100.0,1.0,23.819479,121.473126
08BEAC245F4A,2023-06-30,12:37:04,29.3,100.0,3.0,24.5968,121.841078
08BEAC245DA6,2023-06-30,12:37:16,30.0,100.0,2.0,23.4844262,120.4874326
08BEAC252820,2023-06-30,12:37:32,32.0,100.0,5.0,24.830241,121.0067357
08BEAC245D64,2023-06-30,12:37:33,29.5,99.0,7.0,24.62168,121.834905
08BEAC252862,2023-06-30,12:37:43,28.3,100.0,1.0,24.780019,121.180754
08BEAC245ED4,2023-06-30,12:38:03,29.1,100.0,3.0,24.61402,121.853386
08BEAC245CF6,2023-06-30,12:38:11,29.7,100.0,6.0,23.468906434845,120.46094857156
08BEAC252C20,2023-06-30,12:38:36,27.3,100.0,4.0,24.574514,121.47802
08BEAC245C4E,2023-06-30,12:39:09,28.5,100.0,7.0,24.374115,120.8436439
08BEAC252B9A,2023-06-30,12:39:11,25.6,100.0,13.0,24.6250013,121.1482569
08BEAC245B1C,2023-06-30,12:39:20,30.5,100.0,7.0,24.602338,120.77856
08BEAC252BA0,2023-06-30,12:39:27,30.6,100.0,5.0,24.6752335,121.0590723
08BEAC25291A,2023-06-30,12:40:34,31.5,100.0,5.0,24.9027334,120.9912667
08BEAC245F6A,2023-06-30,12:41:08,29.5,100.0,1.0,24.7457187,121.0847249
08BEAC245C7A,2023-06-30,12:41:28,30.7,100.0,8.0,24.649751,120.9531952
08BEAC2528CE,2023-06-30,12:41:29,30.3,100.0,3.0,24.7530748,121.7550418
08BEAC252AE2,2023-06-30,12:41:54,25.6,100.0,8.0,24.4373287,121.3807443
08BEAC245E02,2023-06-30,12:41:55,30.3,91.0,4.0,24.686842,121.798426
08BEAC245F3C,2023-06-30,12:42:07,29.2,100.0,4.0,24.639860153198,121.83334350585
08BEAC252838,2023-06-30,12:42:15,28.2,100.0,1.0,23.819479,121.473126
08BEAC245F4A,2023-06-30,12:42:26,29.5,100.0,3.0,24.5968,121.841078
08BEAC245DA6,2023-06-30,12:42:30,29.8,100.0,2.0,23.4844262,120.4874326
08BEAC252820,2023-06-30,12:42:47,32.0,100.0,4.0,24.830241,121.0067357
08BEAC245D64,2023-06-30,12:42:52,29.5,99.0,7.0,24.62168,121.834905
08BEAC252862,2023-06-30,12:43:07,28.3,100.0,1.0,24.780019,121.180754
08BEAC245ED4,2023-06-30,12:43:19,29.1,100.0,3.0,24.61402,121.853386
08BEAC245CF6,2023-06-30,12:43:27,29.7,100.0,6.0,23.468906434845,120.46094857156
08BEAC252C20,2023-06-30,12:43:52,27.2,100.0,4.0,24.574514,121.47802
08BEAC245C4E,2023-06-30,12:44:24,28.5,100.0,7.0,24.374115,120.8436439
08BEAC252B9A,2023-06-30,12:44:25,25.5,100.0,13.0,24.6250013,121.1482569
08BEAC245B1C,2023-06-30,12:44:44,30.6,100.0,7.0,24.602338,120.77856
08BEAC252BA0,2023-06-30,12:44:44,30.6,100.0,5.0,24.6752335,121.0590723
08BEAC25291A,2023-06-30,12:45:49,31.5,100.0,6.0,24.9027334,120.9912667
08BEAC245F6A,2023-06-30,12:46:27,29.5,100.0,1.0,24.7457187,121.0847249
08BEAC245C7A,2023-06-30,12:46:47,30.7,100.0,8.0,24.649751,120.9531952
08BEAC2528CE,2023-06-30,12:46:50,30.2,100.0,3.0,24.7530748,121.7550418
08BEAC245E02,2023-06-30,12:47:09,30.3,91.0,3.0,24.686842,121.798426
08BEAC252AE2,2023-06-30,12:47:20,25.5,100.0,7.0,24.4373287,121.3807443
08BEAC245F3C,2023-06-30,12:47:23,29.3,100.0,4.0,24.639860153198,121.83334350585
08BEAC252838,2023-06-30,12:47:30,28.2,100.0,1.0,23.819479,121.473126
08BEAC245DA6,2023-06-30,12:47:48,29.8,100.0,2.0,23.4844262,120.4874326
08BEAC245F4A,2023-06-30,12:47:54,29.3,100.0,3.0,24.5968,121.841078
08BEAC252820,2023-06-30,12:48:07,31.8,100.0,3.0,24.830241,121.0067357
08BEAC245D64,2023-06-30,12:48:12,29.6,98.0,4.0,24.62168,121.834905
08BEAC252862,2023-06-30,12:48:22,28.2,100.0,1.0,24.780019,121.180754
08BEAC245ED4,2023-06-30,12:48:36,29.1,100.0,3.0,24.61402,121.853386
08BEAC245CF6,2023-06-30,12:48:42,29.7,100.0,6.0,23.468906434845,120.46094857156
08BEAC252C20,2023-06-30,12:49:08,27.2,100.0,4.0,24.574514,121.47802
08BEAC245C4E,2023-06-30,12:49:42,28.3,100.0,8.0,24.374115,120.8436439
08BEAC252B9A,2023-06-30,12:49:43,25.5,100.0,14.0,24.6250013,121.1482569
08BEAC252BA0,2023-06-30,12:50:02,30.5,100.0,5.0,24.6752335,121.0590723
08BEAC245B1C,2023-06-30,12:50:07,30.6,100.0,7.0,24.602338,120.77856
08BEAC25291A,2023-06-30,12:51:06,31.5,100.0,7.0,24.9027334,120.9912667
08BEAC245F6A,2023-06-30,12:51:42,29.5,100.0,1.0,24.7457187,121.0847249
08BEAC245C7A,2023-06-30,12:52:07,30.7,100.0,8.0,24.649751,120.9531952
08BEAC2528CE,2023-06-30,12:52:17,30.2,100.0,4.0,24.7530748,121.7550418
08BEAC245E02,2023-06-30,12:52:27,30.2,91.0,4.0,24.686842,121.798426
08BEAC245F3C,2023-06-30,12:52:37,29.5,100.0,4.0,24.639860153198,121.83334350585
08BEAC252AE2,2023-06-30,12:52:38,25.5,100.0,7.0,24.4373287,121.3807443
08BEAC252838,2023-06-30,12:52:48,28.2,100.0,1.0,23.819479,121.473126
08BEAC245F4A,2023-06-30,12:53:10,29.5,100.0,3.0,24.5968,121.841078
08BEAC245DA6,2023-06-30,12:53:17,29.8,100.0,2.0,23.4844262,120.4874326
08BEAC252820,2023-06-30,12:53:22,31.8,100.0,3.0,24.830241,121.0067357
08BEAC245D64,2023-06-30,12:53:34,29.5,99.0,4.0,24.62168,121.834905
08BEAC252862,2023-06-30,12:53:37,28.1,100.0,1.0,24.780019,121.180754
08BEAC245ED4,2023-06-30,12:53:50,29.0,100.0,2.0,24.61402,121.853386
08BEAC245CF6,2023-06-30,12:53:57,29.7,100.0,6.0,23.468906434845,120.46094857156
08BEAC252C20,2023-06-30,12:54:27,27.3,100.0,4.0,24.574514,121.47802
08BEAC245C4E,2023-06-30,12:54:58,28.1,100.0,8.0,24.374115,120.8436439
08BEAC252B9A,2023-06-30,12:55:01,25.5,100.0,13.0,24.6250013,121.1482569
08BEAC252BA0,2023-06-30,12:55:16,30.5,100.0,5.0,24.6752335,121.0590723
08BEAC245B1C,2023-06-30,12:55:22,30.6,100.0,7.0,24.602338,120.77856
08BEAC25291A,2023-06-30,12:56:22,31.5,100.0,7.0,24.9027334,120.9912667
08BEAC245F6A,2023-06-30,12:57:01,29.5,100.0,1.0,24.7457187,121.0847249
08BEAC245C7A,2023-06-30,12:57:23,30.7,100.0,8.0,24.649751,120.9531952
08BEAC2528CE,2023-06-30,12:57:36,30.2,100.0,4.0,24.7530748,121.7550418
08BEAC245E02,2023-06-30,12:57:41,30.2,91.0,3.0,24.686842,121.798426
08BEAC252AE2,2023-06-30,12:57:53,25.3,100.0,6.0,24.4373287,121.3807443
08BEAC245F3C,2023-06-30,12:57:56,29.5,100.0,5.0,24.639860153198,121.83334350585
08BEAC252838,2023-06-30,12:58:06,28.1,100.0,1.0,23.819479,121.473126
08BEAC245F4A,2023-06-30,12:58:24,29.3,100.0,3.0,24.5968,121.841078
08BEAC245DA6,2023-06-30,12:58:37,29.7,100.0,2.0,23.4844262,120.4874326
08BEAC252820,2023-06-30,12:58:42,31.7,100.0,3.0,24.830241,121.0067357
08BEAC245D64,2023-06-30,12:58:51,29.5,99.0,4.0,24.62168,121.834905
08BEAC252862,2023-06-30,12:58:52,28.1,100.0,1.0,24.780019,121.180754
08BEAC245CF6,2023-06-30,12:59:13,29.7,100.0,6.0,23.468906434845,120.46094857156
08BEAC245ED4,2023-06-30,12:59:19,28.8,100.0,3.0,24.61402,121.853386
08BEAC252C20,2023-06-30,12:59:50,27.5,100.0,4.0,24.574514,121.47802
08BEAC252B9A,2023-06-30,13:00:25,25.3,100.0,12.0,24.6250013,121.1482569
08BEAC245C4E,2023-06-30,13:00:26,28.1,100.0,8.0,24.374115,120.8436439
08BEAC252BA0,2023-06-30,13:00:31,30.3,100.0,5.0,24.6752335,121.0590723
08BEAC245B1C,2023-06-30,13:00:40,30.5,100.0,7.0,24.602338,120.77856
08BEAC25291A,2023-06-30,13:01:38,31.5,100.0,9.0,24.9027334,120.9912667
08BEAC245F6A,2023-06-30,13:02:19,29.5,100.0,2.0,24.7457187,121.0847249
08BEAC245C7A,2023-06-30,13:02:39,30.7,100.0,8.0,24.649751,120.9531952
08BEAC2528CE,2023-06-30,13:02:50,30.2,100.0,4.0,24.7530748,121.7550418
08BEAC245E02,2023-06-30,13:02:55,30.2,91.0,3.0,24.686842,121.798426
08BEAC252AE2,2023-06-30,13:03:11,25.2,100.0,5.0,24.4373287,121.3807443
08BEAC245F3C,2023-06-30,13:03:16,29.5,100.0,3.0,24.639860153198,121.83334350585
08BEAC252838,2023-06-30,13:03:22,27.8,100.0,1.0,23.819479,121.473126
08BEAC245F4A,2023-06-30,13:03:49,29.3,100.0,3.0,24.5968,121.841078
08BEAC252820,2023-06-30,13:03:59,31.7,100.0,4.0,24.830241,121.0067357
08BEAC245D64,2023-06-30,13:04:07,29.5,98.0,4.0,24.62168,121.834905
08BEAC252862,2023-06-30,13:04:10,28.1,100.0,1.0,24.780019,121.180754
08BEAC245CF6,2023-06-30,13:04:28,29.7,100.0,6.0,23.468906434845,120.46094857156
08BEAC245ED4,2023-06-30,13:04:35,28.6,100.0,3.0,24.61402,121.853386
08BEAC252C20,2023-06-30,13:05:08,27.3,100.0,4.0,24.574514,121.47802
08BEAC252B9A,2023-06-30,13:05:43,25.3,100.0,11.0,24.6250013,121.1482569
08BEAC252BA0,2023-06-30,13:05:45,30.3,100.0,5.0,24.6752335,121.0590723
08BEAC245C4E,2023-06-30,13:06:00,28.0,100.0,7.0,24.374115,120.8436439
08BEAC245B1C,2023-06-30,13:06:04,30.5,100.0,6.0,24.602338,120.77856
08BEAC25291A,2023-06-30,13:06:56,31.3,100.0,9.0,24.9027334,120.9912667
08BEAC245F6A,2023-06-30,13:07:33,29.3,100.0,2.0,24.7457187,121.0847249
08BEAC245C7A,2023-06-30,13:07:54,30.7,100.0,8.0,24.649751,120.9531952
08BEAC2528CE,2023-06-30,13:08:08,30.0,100.0,3.0,24.7530748,121.7550418
08BEAC245E02,2023-06-30,13:08:10,30.2,92.0,4.0,24.686842,121.798426
08BEAC252AE2,2023-06-30,13:08:27,25.2,100.0,5.0,24.4373287,121.3807443
08BEAC245F3C,2023-06-30,13:08:30,29.6,100.0,3.0,24.639860153198,121.83334350585
08BEAC252838,2023-06-30,13:08:40,27.8,100.0,1.0,23.819479,121.473126
08BEAC245DA6,2023-06-30,13:09:04,29.7,100.0,2.0,23.4844262,120.4874326
08BEAC245F4A,2023-06-30,13:09:08,29.3,100.0,3.0,24.5968,121.841078
08BEAC252820,2023-06-30,13:09:15,31.7,100.0,3.0,24.830241,121.0067357
08BEAC252862,2023-06-30,13:09:26,28.2,100.0,1.0,24.780019,121.180754
08BEAC245D64,2023-06-30,13:09:27,29.5,99.0,3.0,24.62168,121.834905
08BEAC245CF6,2023-06-30,13:09:45,29.7,100.0,6.0,23.468906434845,120.46094857156
08BEAC245ED4,2023-06-30,13:09:51,28.5,100.0,3.0,24.61402,121.853386
08BEAC252C20,2023-06-30,13:10:25,27.5,100.0,4.0,24.574514,121.47802
08BEAC252B9A,2023-06-30,13:11:05,25.3,100.0,9.0,24.6250013,121.1482569
08BEAC252BA0,2023-06-30,13:11:13,30.2,100.0,5.0,24.6752335,121.0590723
08BEAC245C4E,2023-06-30,13:11:17,28.0,100.0,8.0,24.374115,120.8436439
08BEAC245B1C,2023-06-30,13:11:24,30.5,100.0,7.0,24.602338,120.77856
08BEAC25291A,2023-06-30,13:12:14,31.3,100.0,8.0,24.9027334,120.9912667
08BEAC245F6A,2023-06-30,13:12:48,29.3,100.0,2.0,24.7457187,121.0847249
08BEAC245C7A,2023-06-30,13:13:13,30.7,100.0,8.0,24.649751,120.9531952
08BEAC245E02,2023-06-30,13:13:24,30.2,92.0,4.0,24.686842,121.798426
08BEAC2528CE,2023-06-30,13:13:24,29.8,100.0,3.0,24.7530748,121.7550418
08BEAC252AE2,2023-06-30,13:13:42,25.2,100.0,6.0,24.4373287,121.3807443
08BEAC245F3C,2023-06-30,13:13:49,29.5,100.0,3.0,24.639860153198,121.83334350585
08BEAC252838,2023-06-30,13:13:56,27.8,100.0,0.0,23.819479,121.473126
08BEAC245F4A,2023-06-30,13:14:23,29.3,100.0,3.0,24.5968,121.841078
08BEAC252820,2023-06-30,13:14:30,31.6,100.0,3.0,24.830241,121.0067357
08BEAC245DA6,2023-06-30,13:14:32,29.7,100.0,2.0,23.4844262,120.4874326
08BEAC252862,2023-06-30,13:14:40,28.2,100.0,2.0,24.780019,121.180754
08BEAC245D64,2023-06-30,13:14:42,29.5,99.0,3.0,24.62168,121.834905
08BEAC245CF6,2023-06-30,13:15:01,29.6,100.0,6.0,23.468906434845,120.46094857156
08BEAC245ED4,2023-06-30,13:15:08,28.5,100.0,2.0,24.61402,121.853386
08BEAC252C20,2023-06-30,13:15:38,27.5,100.0,4.0,24.574514,121.47802
08BEAC252B9A,2023-06-30,13:16:21,25.2,100.0,8.0,24.6250013,121.1482569
08BEAC252BA0,2023-06-30,13:16:28,30.2,100.0,5.0,24.6752335,121.0590723
08BEAC245C4E,2023-06-30,13:16:35,27.8,100.0,8.0,24.374115,120.8436439
08BEAC245B1C,2023-06-30,13:16:41,30.3,100.0,7.0,24.602338,120.77856
08BEAC25291A,2023-06-30,13:17:31,31.3,100.0,8.0,24.9027334,120.9912667
08BEAC245F6A,2023-06-30,13:18:08,29.2,100.0,2.0,24.7457187,121.0847249
08BEAC245C7A,2023-06-30,13:18:28,30.7,100.0,8.0,24.649751,120.9531952
08BEAC245E02,2023-06-30,13:18:39,30.3,92.0,4.0,24.686842,121.798426
08BEAC2528CE,2023-06-30,13:18:39,29.8,100.0,3.0,24.7530748,121.7550418
08BEAC245F3C,2023-06-30,13:19:08,29.6,100.0,4.0,24.639860153198,121.83334350585
08BEAC252AE2,2023-06-30,13:19:13,25.2,100.0,6.0,24.4373287,121.3807443
08BEAC252838,2023-06-30,13:19:14,28.0,100.0,0.0,23.819479,121.473126
08BEAC245F4A,2023-06-30,13:19:42,29.3,100.0,3.0,24.5968,121.841078
08BEAC252820,2023-06-30,13:19:45,31.6,100.0,4.0,24.830241,121.0067357
08BEAC245DA6,2023-06-30,13:19:50,29.6,100.0,1.0,23.4844262,120.4874326
08BEAC245D64,2023-06-30,13:20:00,29.5,98.0,3.0,24.62168,121.834905
08BEAC252862,2023-06-30,13:20:03,28.3,100.0,21.0,24.780019,121.180754
08BEAC245CF6,2023-06-30,13:20:17,29.6,100.0,6.0,23.468906434845,120.46094857156
08BEAC245ED4,2023-06-30,13:20:36,28.5,100.0,2.0,24.61402,121.853386
08BEAC252C20,2023-06-30,13:20:57,27.5,100.0,4.0,24.574514,121.47802
08BEAC252B9A,2023-06-30,13:21:35,25.1,100.0,8.0,24.6250013,121.1482569
08BEAC252BA0,2023-06-30,13:21:45,30.2,100.0,5.0,24.6752335,121.0590723
08BEAC245C4E,2023-06-30,13:21:55,27.8,100.0,8.0,24.374115,120.8436439
08BEAC245B1C,2023-06-30,13:21:58,30.3,100.0,7.0,24.602338,120.77856
08BEAC25291A,2023-06-30,13:22:48,31.3,100.0,9.0,24.9027334,120.9912667
08BEAC245F6A,2023-06-30,13:23:23,29.2,100.0,2.0,24.7457187,121.0847249
08BEAC245C7A,2023-06-30,13:23:44,30.6,100.0,9.0,24.649751,120.9531952
08BEAC245E02,2023-06-30,13:23:53,30.3,91.0,3.0,24.686842,121.798426
08BEAC2528CE,2023-06-30,13:24:03,30.0,100.0,3.0,24.7530748,121.7550418
08BEAC245F3C,2023-06-30,13:24:23,29.5,100.0,5.0,24.639860153198,121.83334350585
08BEAC252AE2,2023-06-30,13:24:29,25.2,100.0,5.0,24.4373287,121.3807443
08BEAC252838,2023-06-30,13:24:30,28.0,100.0,1.0,23.819479,121.473126
08BEAC245F4A,2023-06-30,13:24:57,29.2,100.0,3.0,24.5968,121.841078
08BEAC252820,2023-06-30,13:25:05,31.6,100.0,4.0,24.830241,121.0067357
08BEAC245DA6,2023-06-30,13:25:10,29.6,100.0,2.0,23.4844262,120.4874326
08BEAC245D64,2023-06-30,13:25:17,29.5,99.0,3.0,24.62168,121.834905
08BEAC252862,2023-06-30,13:25:18,28.3,100.0,15.0,24.780019,121.180754
08BEAC245CF6,2023-06-30,13:25:33,29.5,100.0,5.0,23.468906434845,120.46094857156
08BEAC245ED4,2023-06-30,13:25:54,28.6,100.0,2.0,24.61402,121.853386
08BEAC252C20,2023-06-30,13:26:19,27.5,100.0,4.0,24.574514,121.47802
08BEAC252B9A,2023-06-30,13:26:52,25.1,100.0,8.0,24.6250013,121.1482569
08BEAC252BA0,2023-06-30,13:26:59,30.2,100.0,5.0,24.6752335,121.0590723
08BEAC245C4E,2023-06-30,13:27:09,27.8,100.0,7.0,24.374115,120.8436439
08BEAC245B1C,2023-06-30,13:27:18,30.3,100.0,7.0,24.602338,120.77856
08BEAC25291A,2023-06-30,13:28:13,31.2,100.0,8.0,24.9027334,120.9912667
08BEAC245F6A,2023-06-30,13:28:38,29.2,100.0,2.0,24.7457187,121.0847249
08BEAC245C7A,2023-06-30,13:28:59,30.6,100.0,9.0,24.649751,120.9531952
08BEAC245E02,2023-06-30,13:29:10,30.5,90.0,3.0,24.686842,121.798426
08BEAC2528CE,2023-06-30,13:29:19,30.0,100.0,3.0,24.7530748,121.7550418
08BEAC245F3C,2023-06-30,13:29:39,29.5,100.0,8.0,24.639860153198,121.83334350585
08BEAC252838,2023-06-30,13:29:46,28.0,100.0,1.0,23.819479,121.473126
08BEAC252AE2,2023-06-30,13:29:50,25.2,100.0,5.0,24.4373287,121.3807443
08BEAC245F4A,2023-06-30,13:30:13,29.2,100.0,3.0,24.5968,121.841078
08BEAC252820,2023-06-30,13:30:22,31.7,100.0,4.0,24.830241,121.0067357
08BEAC245DA6,2023-06-30,13:30:26,29.5,100.0,2.0,23.4844262,120.4874326
08BEAC245D64,2023-06-30,13:30:34,29.5,98.0,3.0,24.62168,121.834905
08BEAC252862,2023-06-30,13:30:38,28.3,100.0,3.0,24.780019,121.180754
08BEAC245CF6,2023-06-30,13:30:54,29.5,100.0,5.0,23.468906434845,120.46094857156
08BEAC245ED4,2023-06-30,13:31:14,28.7,100.0,2.0,24.61402,121.853386
08BEAC252C20,2023-06-30,13:31:35,27.5,100.0,4.0,24.574514,121.47802
08BEAC252B9A,2023-06-30,13:32:09,25.1,100.0,7.0,24.6250013,121.1482569
08BEAC252BA0,2023-06-30,13:32:14,30.2,100.0,5.0,24.6752335,121.0590723
08BEAC245C4E,2023-06-30,13:32:25,27.8,100.0,8.0,24.374115,120.8436439
08BEAC245B1C,2023-06-30,13:32:32,30.3,100.0,7.0,24.602338,120.77856
08BEAC245F6A,2023-06-30,13:33:53,29.2,100.0,2.0,24.7457187,121.0847249
08BEAC245C7A,2023-06-30,13:34:14,30.6,100.0,9.0,24.649751,120.9531952
08BEAC245E02,2023-06-30,13:34:26,30.3,91.0,4.0,24.686842,121.798426
08BEAC2528CE,2023-06-30,13:34:34,30.0,100.0,3.0,24.7530748,121.7550418
08BEAC245F3C,2023-06-30,13:34:55,29.5,100.0,7.0,24.639860153198,121.83334350585
08BEAC252838,2023-06-30,13:35:03,28.0,100.0,2.0,23.819479,121.473126
08BEAC252AE2,2023-06-30,13:35:05,25.2,100.0,4.0,24.4373287,121.3807443
08BEAC245F4A,2023-06-30,13:35:27,29.2,100.0,3.0,24.5968,121.841078
08BEAC245DA6,2023-06-30,13:35:40,29.5,100.0,1.0,23.4844262,120.4874326
08BEAC252820,2023-06-30,13:35:40,31.6,100.0,4.0,24.830241,121.0067357
08BEAC245D64,2023-06-30,13:35:48,29.5,98.0,3.0,24.62168,121.834905
08BEAC252862,2023-06-30,13:35:51,28.2,100.0,5.0,24.780019,121.180754
08BEAC245CF6,2023-06-30,13:36:10,29.5,100.0,5.0,23.468906434845,120.46094857156
08BEAC245ED4,2023-06-30,13:36:30,28.8,100.0,2.0,24.61402,121.853386
08BEAC252C20,2023-06-30,13:36:50,27.3,100.0,4.0,24.574514,121.47802
08BEAC252B9A,2023-06-30,13:37:27,25.1,100.0,6.0,24.6250013,121.1482569
08BEAC252BA0,2023-06-30,13:37:31,30.2,100.0,5.0,24.6752335,121.0590723
08BEAC245C4E,2023-06-30,13:37:39,28.0,100.0,7.0,24.374115,120.8436439
08BEAC245B1C,2023-06-30,13:37:46,30.3,100.0,7.0,24.602338,120.77856
08BEAC25291A,2023-06-30,13:38:42,31.1,100.0,6.0,24.9027334,120.9912667
08BEAC245F6A,2023-06-30,13:39:08,29.1,100.0,2.0,24.7457187,121.0847249
08BEAC245C7A,2023-06-30,13:39:30,30.3,100.0,10.0,24.649751,120.9531952
08BEAC245E02,2023-06-30,13:39:40,30.3,91.0,4.0,24.686842,121.798426
08BEAC2528CE,2023-06-30,13:39:52,30.1,100.0,3.0,24.7530748,121.7550418
08BEAC245F3C,2023-06-30,13:40:11,29.5,100.0,6.0,24.639860153198,121.83334350585
08BEAC252838,2023-06-30,13:40:19,28.0,100.0,1.0,23.819479,121.473126
08BEAC252AE2,2023-06-30,13:40:23,25.2,100.0,5.0,24.4373287,121.3807443
08BEAC245F4A,2023-06-30,13:40:44,29.3,100.0,3.0,24.5968,121.841078
08BEAC252820,2023-06-30,13:40:53,31.5,100.0,4.0,24.830241,121.0067357
08BEAC245DA6,2023-06-30,13:40:56,29.3,100.0,1.0,23.4844262,120.4874326
08BEAC245D64,2023-06-30,13:41:02,29.5,98.0,3.0,24.62168,121.834905
08BEAC252862,2023-06-30,13:41:05,28.2,100.0,5.0,24.780019,121.180754
08BEAC245CF6,2023-06-30,13:41:27,29.5,100.0,5.0,23.468906434845,120.46094857156
08BEAC245ED4,2023-06-30,13:41:46,28.8,100.0,2.0,24.61402,121.853386
08BEAC252C20,2023-06-30,13:42:07,27.2,100.0,4.0,24.574514,121.47802
08BEAC252B9A,2023-06-30,13:42:41,25.1,100.0,5.0,24.6250013,121.1482569
08BEAC252BA0,2023-06-30,13:42:46,30.1,100.0,5.0,24.6752335,121.0590723
08BEAC245C4E,2023-06-30,13:43:01,28.0,100.0,7.0,24.374115,120.8436439
08BEAC245B1C,2023-06-30,13:43:04,30.3,100.0,7.0,24.602338,120.77856
08BEAC25291A,2023-06-30,13:43:57,31.0,100.0,6.0,24.9027334,120.9912667
08BEAC245F6A,2023-06-30,13:44:21,29.1,100.0,2.0,24.7457187,121.0847249
08BEAC245C7A,2023-06-30,13:44:45,30.3,100.0,9.0,24.649751,120.9531952
08BEAC245E02,2023-06-30,13:44:55,30.3,91.0,4.0,24.686842,121.798426
08BEAC2528CE,2023-06-30,13:45:07,30.0,100.0,3.0,24.7530748,121.7550418
08BEAC245F3C,2023-06-30,13:45:26,29.5,100.0,4.0,24.639860153198,121.83334350585
08BEAC252838,2023-06-30,13:45:35,28.0,100.0,1.0,23.819479,121.473126
08BEAC252AE2,2023-06-30,13:45:42,25.2,100.0,4.0,24.4373287,121.3807443
08BEAC245F4A,2023-06-30,13:46:01,29.3,100.0,3.0,24.5968,121.841078
08BEAC252820,2023-06-30,13:46:09,31.5,100.0,3.0,24.830241,121.0067357
08BEAC245DA6,2023-06-30,13:46:10,29.3,100.0,1.0,23.4844262,120.4874326
08BEAC245D64,2023-06-30,13:46:16,29.5,98.0,3.0,24.62168,121.834905
08BEAC252862,2023-06-30,13:46:20,28.2,100.0,4.0,24.780019,121.180754
08BEAC245CF6,2023-06-30,13:46:41,29.3,100.0,5.0,23.468906434845,120.46094857156
08BEAC245ED4,2023-06-30,13:47:02,28.7,100.0,1.0,24.61402,121.853386
08BEAC252C20,2023-06-30,13:47:20,27.3,100.0,4.0,24.574514,121.47802
08BEAC252B9A,2023-06-30,13:48:01,25.1,100.0,5.0,24.6250013,121.1482569
08BEAC252BA0,2023-06-30,13:48:04,30.1,100.0,5.0,24.6752335,121.0590723
08BEAC245C4E,2023-06-30,13:48:16,27.8,100.0,7.0,24.374115,120.8436439
08BEAC245B1C,2023-06-30,13:48:18,30.2,100.0,7.0,24.602338,120.77856
08BEAC25291A,2023-06-30,13:49:14,31.0,100.0,6.0,24.9027334,120.9912667
08BEAC245F6A,2023-06-30,13:49:36,29.2,100.0,2.0,24.7457187,121.0847249
08BEAC245C7A,2023-06-30,13:50:01,30.3,100.0,9.0,24.649751,120.9531952
08BEAC245E02,2023-06-30,13:50:11,30.2,92.0,6.0,24.686842,121.798426
08BEAC2528CE,2023-06-30,13:50:23,30.1,100.0,4.0,24.7530748,121.7550418
08BEAC245F3C,2023-06-30,13:50:41,29.3,100.0,3.0,24.639860153198,121.83334350585
08BEAC252838,2023-06-30,13:50:53,27.8,100.0,2.0,23.819479,121.473126
08BEAC252AE2,2023-06-30,13:50:58,25.2,100.0,3.0,24.4373287,121.3807443
08BEAC245F4A,2023-06-30,13:51:21,29.2,100.0,3.0,24.5968,121.841078
08BEAC252820,2023-06-30,13:51:24,31.5,100.0,4.0,24.830241,121.0067357
08BEAC245DA6,2023-06-30,13:51:26,29.3,100.0,1.0,23.4844262,120.4874326
08BEAC245D64,2023-06-30,13:51:34,29.5,97.0,3.0,24.62168,121.834905
08BEAC252862,2023-06-30,13:51:35,28.2,100.0,5.0,24.780019,121.180754
08BEAC245CF6,2023-06-30,13:51:57,29.2,100.0,4.0,23.468906434845,120.46094857156
08BEAC245ED4,2023-06-30,13:52:20,28.6,100.0,1.0,24.61402,121.853386
08BEAC252C20,2023-06-30,13:52:36,27.3,100.0,4.0,24.574514,121.47802
08BEAC252B9A,2023-06-30,13:53:16,25.2,100.0,5.0,24.6250013,121.1482569
08BEAC252BA0,2023-06-30,13:53:20,30.1,100.0,5.0,24.6752335,121.0590723
08BEAC245C4E,2023-06-30,13:53:33,27.8,100.0,7.0,24.374115,120.8436439
08BEAC245B1C,2023-06-30,13:53:35,30.1,100.0,7.0,24.602338,120.77856
08BEAC25291A,2023-06-30,13:54:29,31.1,100.0,6.0,24.9027334,120.9912667
08BEAC245F6A,2023-06-30,13:54:49,29.3,100.0,2.0,24.7457187,121.0847249
08BEAC245C7A,2023-06-30,13:55:16,30.3,100.0,9.0,24.649751,120.9531952
08BEAC2528CE,2023-06-30,13:55:39,30.2,100.0,3.0,24.7530748,121.7550418
08BEAC245F3C,2023-06-30,13:55:56,29.3,100.0,2.0,24.639860153198,121.83334350585
08BEAC252838,2023-06-30,13:56:09,28.0,100.0,3.0,23.819479,121.473126
08BEAC252AE2,2023-06-30,13:56:13,25.2,100.0,3.0,24.4373287,121.3807443
08BEAC245F4A,2023-06-30,13:56:35,29.1,100.0,3.0,24.5968,121.841078
08BEAC252820,2023-06-30,13:56:40,31.5,100.0,3.0,24.830241,121.0067357
08BEAC245DA6,2023-06-30,13:56:41,29.2,100.0,1.0,23.4844262,120.4874326
08BEAC245D64,2023-06-30,13:56:48,29.5,97.0,2.0,24.62168,121.834905
08BEAC252862,2023-06-30,13:56:49,28.1,100.0,5.0,24.780019,121.180754
08BEAC245CF6,2023-06-30,13:57:13,29.2,100.0,4.0,23.468906434845,120.46094857156
08BEAC245ED4,2023-06-30,13:57:35,28.7,100.0,1.0,24.61402,121.853386
08BEAC252C20,2023-06-30,13:57:53,27.3,100.0,4.0,24.574514,121.47802
08BEAC252B9A,2023-06-30,13:58:31,25.1,100.0,5.0,24.6250013,121.1482569
08BEAC252BA0,2023-06-30,13:58:36,30.0,100.0,5.0,24.6752335,121.0590723
08BEAC245C4E,2023-06-30,13:58:50,27.8,100.0,7.0,24.374115,120.8436439
08BEAC245B1C,2023-06-30,13:58:51,30.0,100.0,7.0,24.602338,120.77856
08BEAC25291A,2023-06-30,13:59:44,31.0,100.0,9.0,24.9027334,120.9912667
08BEAC245F6A,2023-06-30,14:00:05,29.1,100.0,2.0,24.7457187,121.0847249
08BEAC245C7A,2023-06-30,14:00:30,30.2,100.0,9.0,24.649751,120.9531952
08BEAC245E02,2023-06-30,14:00:33,30.2,93.0,4.0,24.686842,121.798426
08BEAC2528CE,2023-06-30,14:00:58,30.1,100.0,4.0,24.7530748,121.7550418
08BEAC245F3C,2023-06-30,14:01:12,29.3,100.0,3.0,24.639860153198,121.83334350585
08BEAC252838,2023-06-30,14:01:24,27.8,100.0,4.0,23.819479,121.473126
08BEAC252AE2,2023-06-30,14:01:28,25.2,100.0,3.0,24.4373287,121.3807443
08BEAC245F4A,2023-06-30,14:01:50,29.1,100.0,2.0,24.5968,121.841078
08BEAC252820,2023-06-30,14:01:55,31.5,100.0,3.0,24.830241,121.0067357
08BEAC245DA6,2023-06-30,14:01:56,29.3,100.0,1.0,23.4844262,120.4874326
08BEAC252862,2023-06-30,14:02:02,28.0,100.0,3.0,24.780019,121.180754
08BEAC245D64,2023-06-30,14:02:03,29.5,96.0,2.0,24.62168,121.834905
08BEAC245CF6,2023-06-30,14:02:28,29.2,100.0,4.0,23.468906434845,120.46094857156
08BEAC245ED4,2023-06-30,14:02:51,28.8,100.0,1.0,24.61402,121.853386
08BEAC252C20,2023-06-30,14:03:10,27.3,100.0,4.0,24.574514,121.47802
08BEAC252B9A,2023-06-30,14:03:46,25.1,100.0,5.0,24.6250013,121.1482569
08BEAC252BA0,2023-06-30,14:03:49,30.0,100.0,5.0,24.6752335,121.0590723
08BEAC245C4E,2023-06-30,14:04:05,27.7,100.0,7.0,24.374115,120.8436439
08BEAC245B1C,2023-06-30,14:04:07,30.0,100.0,7.0,24.602338,120.77856
08BEAC25291A,2023-06-30,14:05:00,30.8,100.0,7.0,24.9027334,120.9912667
08BEAC245F6A,2023-06-30,14:05:19,29.2,100.0,2.0,24.7457187,121.0847249
08BEAC245C7A,2023-06-30,14:05:45,30.2,100.0,9.0,24.649751,120.9531952
08BEAC245E02,2023-06-30,14:05:51,30.3,93.0,4.0,24.686842,121.798426
08BEAC245F3C,2023-06-30,14:06:28,29.3,100.0,2.0,24.639860153198,121.83334350585
08BEAC252838,2023-06-30,14:06:41,27.7,100.0,4.0,23.819479,121.473126
08BEAC252AE2,2023-06-30,14:06:46,25.1,100.0,3.0,24.4373287,121.3807443
08BEAC245F4A,2023-06-30,14:07:08,29.1,100.0,1.0,24.5968,121.841078
08BEAC252820,2023-06-30,14:07:10,31.5,100.0,3.0,24.830241,121.0067357
08BEAC245DA6,2023-06-30,14:07:12,29.2,100.0,1.0,23.4844262,120.4874326
08BEAC252862,2023-06-30,14:07:18,28.0,100.0,2.0,24.780019,121.180754
08BEAC245D64,2023-06-30,14:07:19,29.5,95.0,2.0,24.62168,121.834905
08BEAC245CF6,2023-06-30,14:07:44,29.2,100.0,4.0,23.468906434845,120.46094857156
08BEAC245ED4,2023-06-30,14:08:07,29.0,100.0,1.0,24.61402,121.853386
08BEAC252C20,2023-06-30,14:08:25,27.5,100.0,4.0,24.574514,121.47802
08BEAC252B9A,2023-06-30,14:09:02,24.8,100.0,5.0,24.6250013,121.1482569
08BEAC252BA0,2023-06-30,14:09:04,30.0,100.0,5.0,24.6752335,121.0590723
08BEAC245C4E,2023-06-30,14:09:21,27.7,100.0,7.0,24.374115,120.8436439
08BEAC245B1C,2023-06-30,14:09:22,30.0,100.0,7.0,24.602338,120.77856
08BEAC25291A,2023-06-30,14:10:17,31.0,100.0,8.0,24.9027334,120.9912667
08BEAC245F6A,2023-06-30,14:10:34,29.2,100.0,3.0,24.7457187,121.0847249
08BEAC245C7A,2023-06-30,14:10:59,30.2,100.0,9.0,24.649751,120.9531952
08BEAC245E02,2023-06-30,14:11:07,30.5,92.0,4.0,24.686842,121.798426
08BEAC2528CE,2023-06-30,14:11:29,30.2,100.0,3.0,24.7530748,121.7550418
08BEAC245F3C,2023-06-30,14:11:42,29.3,100.0,2.0,24.639860153198,121.83334350585
08BEAC252838,2023-06-30,14:11:56,27.7,100.0,4.0,23.819479,121.473126
08BEAC252AE2,2023-06-30,14:12:02,25.1,100.0,3.0,24.4373287,121.3807443
08BEAC245F4A,2023-06-30,14:12:22,29.0,100.0,1.0,24.5968,121.841078
08BEAC252820,2023-06-30,14:12:27,31.5,100.0,3.0,24.830241,121.0067357
08BEAC245DA6,2023-06-30,14:12:28,29.2,100.0,1.0,23.4844262,120.4874326
08BEAC252862,2023-06-30,14:12:32,28.1,100.0,2.0,24.780019,121.180754
08BEAC245D64,2023-06-30,14:12:33,29.6,92.0,1.0,24.62168,121.834905
08BEAC245CF6,2023-06-30,14:12:59,29.2,100.0,4.0,23.468906434845,120.46094857156
08BEAC245ED4,2023-06-30,14:13:22,29.0,100.0,1.0,24.61402,121.853386
08BEAC252C20,2023-06-30,14:13:40,27.3,100.0,4.0,24.574514,121.47802
08BEAC252B9A,2023-06-30,14:14:17,24.8,100.0,6.0,24.6250013,121.1482569
08BEAC252BA0,2023-06-30,14:14:20,30.0,100.0,5.0,24.6752335,121.0590723
08BEAC245C4E,2023-06-30,14:14:36,27.7,100.0,7.0,24.374115,120.8436439
08BEAC245B1C,2023-06-30,14:14:37,29.8,100.0,7.0,24.602338,120.77856
08BEAC25291A,2023-06-30,14:15:32,31.0,100.0,9.0,24.9027334,120.9912667
08BEAC245F6A,2023-06-30,14:15:50,29.0,100.0,3.0,24.7457187,121.0847249
08BEAC245C7A,2023-06-30,14:16:16,30.1,100.0,9.0,24.649751,120.9531952
08BEAC245E02,2023-06-30,14:16:34,30.3,92.0,4.0,24.686842,121.798426
08BEAC2528CE,2023-06-30,14:16:49,30.2,100.0,4.0,24.7530748,121.7550418
08BEAC245F3C,2023-06-30,14:16:59,29.5,99.0,2.0,24.639860153198,121.83334350585
08BEAC252838,2023-06-30,14:17:11,27.7,100.0,5.0,23.819479,121.473126
08BEAC252AE2,2023-06-30,14:17:19,25.1,100.0,2.0,24.4373287,121.3807443
08BEAC245F4A,2023-06-30,14:17:38,29.0,100.0,1.0,24.5968,121.841078
08BEAC245DA6,2023-06-30,14:17:44,29.2,100.0,1.0,23.4844262,120.4874326
08BEAC252820,2023-06-30,14:17:44,31.6,100.0,3.0,24.830241,121.0067357
08BEAC245D64,2023-06-30,14:17:48,29.7,93.0,1.0,24.62168,121.834905
08BEAC252862,2023-06-30,14:17:49,28.1,100.0,5.0,24.780019,121.180754
08BEAC245CF6,2023-06-30,14:18:14,29.2,100.0,5.0,23.468906434845,120.46094857156
08BEAC245ED4,2023-06-30,14:18:37,28.7,100.0,1.0,24.61402,121.853386
08BEAC252C20,2023-06-30,14:18:56,27.5,100.0,4.0,24.574514,121.47802
08BEAC252B9A,2023-06-30,14:19:31,24.7,100.0,5.0,24.6250013,121.1482569
08BEAC252BA0,2023-06-30,14:19:35,30.0,100.0,5.0,24.6752335,121.0590723
08BEAC245C4E,2023-06-30,14:19:51,27.7,100.0,7.0,24.374115,120.8436439
08BEAC245B1C,2023-06-30,14:19:53,29.7,100.0,7.0,24.602338,120.77856
08BEAC25291A,2023-06-30,14:20:47,31.0,100.0,7.0,24.9027334,120.9912667
08BEAC245F6A,2023-06-30,14:21:05,28.8,100.0,3.0,24.7457187,121.0847249
08BEAC245C7A,2023-06-30,14:21:32,30.0,100.0,9.0,24.649751,120.9531952
08BEAC245E02,2023-06-30,14:21:51,30.2,93.0,4.0,24.686842,121.798426
08BEAC2528CE,2023-06-30,14:22:04,30.2,100.0,3.0,24.7530748,121.7550418
08BEAC245F3C,2023-06-30,14:22:15,29.5,97.0,1.0,24.639860153198,121.83334350585
08BEAC252838,2023-06-30,14:22:26,27.7,100.0,4.0,23.819479,121.473126
08BEAC252AE2,2023-06-30,14:22:40,25.1,100.0,2.0,24.4373287,121.3807443
08BEAC245F4A,2023-06-30,14:22:53,29.0,100.0,1.0,24.5968,121.841078
08BEAC252820,2023-06-30,14:22:59,31.6,100.0,3.0,24.830241,121.0067357
08BEAC245DA6,2023-06-30,14:23:01,29.1,100.0,1.0,23.4844262,120.4874326
08BEAC245D64,2023-06-30,14:23:02,29.6,96.0,2.0,24.62168,121.834905
08BEAC252862,2023-06-30,14:23:06,28.1,100.0,4.0,24.780019,121.180754
08BEAC245CF6,2023-06-30,14:23:29,29.1,100.0,5.0,23.468906434845,120.46094857156
08BEAC245ED4,2023-06-30,14:23:51,28.6,100.0,1.0,24.61402,121.853386
08BEAC252C20,2023-06-30,14:24:11,27.3,100.0,4.0,24.574514,121.47802
08BEAC252B9A,2023-06-30,14:24:47,24.7,100.0,4.0,24.6250013,121.1482569
08BEAC252BA0,2023-06-30,14:24:50,30.0,100.0,5.0,24.6752335,121.0590723
08BEAC245B1C,2023-06-30,14:25:09,29.7,100.0,7.0,24.602338,120.77856
08BEAC245C4E,2023-06-30,14:25:10,27.6,100.0,7.0,24.374115,120.8436439
08BEAC25291A,2023-06-30,14:26:04,31.0,100.0,7.0,24.9027334,120.9912667
08BEAC245F6A,2023-06-30,14:26:21,28.7,100.0,3.0,24.7457187,121.0847249
08BEAC245C7A,2023-06-30,14:26:48,30.1,100.0,9.0,24.649751,120.9531952
08BEAC245E02,2023-06-30,14:27:18,30.2,93.0,5.0,24.686842,121.798426
08BEAC2528CE,2023-06-30,14:27:21,30.3,100.0,4.0,24.7530748,121.7550418
08BEAC245F3C,2023-06-30,14:27:29,29.5,98.0,1.0,24.639860153198,121.83334350585
08BEAC252838,2023-06-30,14:27:41,27.6,100.0,4.0,23.819479,121.473126
08BEAC252AE2,2023-06-30,14:27:57,25.1,100.0,2.0,24.4373287,121.3807443
08BEAC245F4A,2023-06-30,14:28:09,29.0,100.0,1.0,24.5968,121.841078
08BEAC245DA6,2023-06-30,14:28:15,29.1,100.0,2.0,23.4844262,120.4874326
08BEAC252820,2023-06-30,14:28:15,31.6,100.0,3.0,24.830241,121.0067357
08BEAC245D64,2023-06-30,14:28:17,29.6,97.0,3.0,24.62168,121.834905
08BEAC252862,2023-06-30,14:28:19,28.1,100.0,4.0,24.780019,121.180754
08BEAC245CF6,2023-06-30,14:28:45,29.0,100.0,5.0,23.468906434845,120.46094857156
08BEAC245ED4,2023-06-30,14:29:06,28.8,100.0,1.0,24.61402,121.853386
08BEAC252C20,2023-06-30,14:29:27,27.3,100.0,4.0,24.574514,121.47802
08BEAC252B9A,2023-06-30,14:30:03,24.7,100.0,4.0,24.6250013,121.1482569
08BEAC252BA0,2023-06-30,14:30:04,30.0,100.0,5.0,24.6752335,121.0590723
08BEAC245B1C,2023-06-30,14:30:25,29.7,100.0,7.0,24.602338,120.77856
08BEAC245C4E,2023-06-30,14:30:28,27.5,100.0,7.0,24.374115,120.8436439
08BEAC25291A,2023-06-30,14:31:18,31.0,100.0,7.0,24.9027334,120.9912667
08BEAC245F6A,2023-06-30,14:31:36,28.6,100.0,3.0,24.7457187,121.0847249
08BEAC245C7A,2023-06-30,14:32:02,30.1,100.0,9.0,24.649751,120.9531952
08BEAC2528CE,2023-06-30,14:32:37,30.3,100.0,4.0,24.7530748,121.7550418
08BEAC245F3C,2023-06-30,14:32:44,29.5,100.0,3.0,24.639860153198,121.83334350585
08BEAC245E02,2023-06-30,14:32:51,30.1,94.0,5.0,24.686842,121.798426
08BEAC252838,2023-06-30,14:32:59,27.5,100.0,4.0,23.819479,121.473126
08BEAC252AE2,2023-06-30,14:33:12,25.0,100.0,2.0,24.4373287,121.3807443
08BEAC245F4A,2023-06-30,14:33:26,29.0,100.0,1.0,24.5968,121.841078
08BEAC245DA6,2023-06-30,14:33:29,29.1,100.0,2.0,23.4844262,120.4874326
08BEAC252820,2023-06-30,14:33:29,31.6,100.0,3.0,24.830241,121.0067357
08BEAC245D64,2023-06-30,14:33:32,29.6,97.0,4.0,24.62168,121.834905
08BEAC252862,2023-06-30,14:33:36,28.1,100.0,4.0,24.780019,121.180754
08BEAC245CF6,2023-06-30,14:34:00,29.1,100.0,5.0,23.468906434845,120.46094857156
08BEAC245ED4,2023-06-30,14:34:22,28.8,100.0,1.0,24.61402,121.853386
08BEAC252C20,2023-06-30,14:34:42,27.3,100.0,4.0,24.574514,121.47802
08BEAC252B9A,2023-06-30,14:35:18,24.7,100.0,4.0,24.6250013,121.1482569
08BEAC252BA0,2023-06-30,14:35:20,30.0,100.0,5.0,24.6752335,121.0590723
08BEAC245B1C,2023-06-30,14:35:40,29.8,100.0,6.0,24.602338,120.77856
08BEAC245C4E,2023-06-30,14:35:45,27.5,100.0,7.0,24.374115,120.8436439
08BEAC25291A,2023-06-30,14:36:33,31.1,100.0,7.0,24.9027334,120.9912667
08BEAC245F6A,2023-06-30,14:36:51,28.7,100.0,3.0,24.7457187,121.0847249
08BEAC245C7A,2023-06-30,14:37:16,30.0,100.0,9.0,24.649751,120.9531952
08BEAC2528CE,2023-06-30,14:37:58,30.3,100.0,4.0,24.7530748,121.7550418
08BEAC245F3C,2023-06-30,14:38:01,29.5,100.0,4.0,24.639860153198,121.83334350585
08BEAC252838,2023-06-30,14:38:15,27.5,100.0,2.0,23.819479,121.473126
08BEAC245E02,2023-06-30,14:38:16,30.0,94.0,5.0,24.686842,121.798426
08BEAC252AE2,2023-06-30,14:38:29,25.1,100.0,2.0,24.4373287,121.3807443
08BEAC252820,2023-06-30,14:38:44,31.7,100.0,3.0,24.830241,121.0067357
08BEAC245DA6,2023-06-30,14:38:48,29.2,100.0,1.0,23.4844262,120.4874326
08BEAC245D64,2023-06-30,14:38:50,29.5,98.0,5.0,24.62168,121.834905
08BEAC245F4A,2023-06-30,14:38:50,28.8,100.0,1.0,24.5968,121.841078
08BEAC252862,2023-06-30,14:38:52,28.0,100.0,3.0,24.780019,121.180754
08BEAC245CF6,2023-06-30,14:39:15,29.1,100.0,5.0,23.468906434845,120.46094857156
08BEAC245ED4,2023-06-30,14:39:37,29.0,100.0,1.0,24.61402,121.853386
08BEAC252C20,2023-06-30,14:39:58,27.3,100.0,4.0,24.574514,121.47802
08BEAC252B9A,2023-06-30,14:40:33,24.7,100.0,4.0,24.6250013,121.1482569
08BEAC252BA0,2023-06-30,14:40:38,30.0,100.0,6.0,24.6752335,121.0590723
08BEAC245B1C,2023-06-30,14:40:57,29.8,100.0,6.0,24.602338,120.77856
08BEAC245C4E,2023-06-30,14:41:05,27.5,100.0,7.0,24.374115,120.8436439
08BEAC25291A,2023-06-30,14:41:49,31.1,100.0,7.0,24.9027334,120.9912667
08BEAC245F6A,2023-06-30,14:42:05,28.6,100.0,2.0,24.7457187,121.0847249
08BEAC245C7A,2023-06-30,14:42:30,29.8,100.0,9.0,24.649751,120.9531952
08BEAC245F3C,2023-06-30,14:43:17,29.5,100.0,4.0,24.639860153198,121.83334350585
08BEAC2528CE,2023-06-30,14:43:17,30.3,100.0,4.0,24.7530748,121.7550418
08BEAC252838,2023-06-30,14:43:32,27.2,100.0,2.0,23.819479,121.473126
08BEAC245E02,2023-06-30,14:43:35,30.0,94.0,4.0,24.686842,121.798426
08BEAC252AE2,2023-06-30,14:43:45,25.1,100.0,2.0,24.4373287,121.3807443
08BEAC252820,2023-06-30,14:44:00,31.7,100.0,3.0,24.830241,121.0067357
08BEAC245D64,2023-06-30,14:44:05,29.5,99.0,6.0,24.62168,121.834905
08BEAC245DA6,2023-06-30,14:44:05,29.3,100.0,1.0,23.4844262,120.4874326
08BEAC245F4A,2023-06-30,14:44:05,28.8,100.0,1.0,24.5968,121.841078
08BEAC252862,2023-06-30,14:44:07,28.0,100.0,3.0,24.780019,121.180754
08BEAC245CF6,2023-06-30,14:44:30,29.1,100.0,5.0,23.468906434845,120.46094857156
08BEAC245ED4,2023-06-30,14:44:52,29.0,100.0,1.0,24.61402,121.853386
08BEAC252C20,2023-06-30,14:45:14,27.3,100.0,4.0,24.574514,121.47802
08BEAC252B9A,2023-06-30,14:45:48,24.7,100.0,5.0,24.6250013,121.1482569
08BEAC252BA0,2023-06-30,14:45:52,30.0,100.0,6.0,24.6752335,121.0590723
08BEAC245B1C,2023-06-30,14:46:11,30.0,100.0,7.0,24.602338,120.77856
08BEAC245C4E,2023-06-30,14:46:20,27.5,100.0,7.0,24.374115,120.8436439
08BEAC25291A,2023-06-30,14:47:03,31.2,100.0,6.0,24.9027334,120.9912667
08BEAC245F6A,2023-06-30,14:47:20,28.6,100.0,3.0,24.7457187,121.0847249
08BEAC245C7A,2023-06-30,14:47:44,29.8,100.0,9.0,24.649751,120.9531952
08BEAC245F3C,2023-06-30,14:48:33,29.3,100.0,5.0,24.639860153198,121.83334350585
08BEAC2528CE,2023-06-30,14:48:37,30.2,100.0,4.0,24.7530748,121.7550418
08BEAC252838,2023-06-30,14:48:47,27.1,100.0,2.0,23.819479,121.473126
08BEAC245E02,2023-06-30,14:48:50,29.8,94.0,4.0,24.686842,121.798426
08BEAC252AE2,2023-06-30,14:49:06,25.1,100.0,2.0,24.4373287,121.3807443
08BEAC252820,2023-06-30,14:49:16,31.7,100.0,3.0,24.830241,121.0067357
08BEAC245D64,2023-06-30,14:49:20,29.5,99.0,7.0,24.62168,121.834905
08BEAC245DA6,2023-06-30,14:49:20,29.3,100.0,1.0,23.4844262,120.4874326
08BEAC245F4A,2023-06-30,14:49:22,28.8,100.0,1.0,24.5968,121.841078
08BEAC252862,2023-06-30,14:49:23,27.8,100.0,3.0,24.780019,121.180754
08BEAC245CF6,2023-06-30,14:49:47,29.0,100.0,5.0,23.468906434845,120.46094857156
08BEAC245ED4,2023-06-30,14:50:07,28.8,100.0,2.0,24.61402,121.853386
08BEAC252C20,2023-06-30,14:50:30,27.3,100.0,4.0,24.574514,121.47802
08BEAC252B9A,2023-06-30,14:51:03,24.7,100.0,4.0,24.6250013,121.1482569
08BEAC252BA0,2023-06-30,14:51:07,29.8,100.0,6.0,24.6752335,121.0590723
08BEAC245B1C,2023-06-30,14:51:26,30.0,100.0,7.0,24.602338,120.77856
08BEAC245C4E,2023-06-30,14:51:35,27.3,100.0,7.0,24.374115,120.8436439
08BEAC25291A,2023-06-30,14:52:17,31.3,100.0,7.0,24.9027334,120.9912667
08BEAC245F6A,2023-06-30,14:52:33,28.6,100.0,3.0,24.7457187,121.0847249
08BEAC245C7A,2023-06-30,14:52:58,29.7,100.0,9.0,24.649751,120.9531952
08BEAC245F3C,2023-06-30,14:53:49,29.2,100.0,5.0,24.639860153198,121.83334350585
08BEAC2528CE,2023-06-30,14:53:52,30.2,100.0,4.0,24.7530748,121.7550418
08BEAC252838,2023-06-30,14:54:02,27.0,100.0,3.0,23.819479,121.473126
08BEAC245E02,2023-06-30,14:54:06,29.8,93.0,4.0,24.686842,121.798426
08BEAC252AE2,2023-06-30,14:54:21,25.0,100.0,2.0,24.4373287,121.3807443
08BEAC252820,2023-06-30,14:54:30,31.7,100.0,3.0,24.830241,121.0067357
08BEAC245D64,2023-06-30,14:54:34,29.5,99.0,4.0,24.62168,121.834905
08BEAC245DA6,2023-06-30,14:54:36,29.2,100.0,1.0,23.4844262,120.4874326
08BEAC245F4A,2023-06-30,14:54:38,29.0,100.0,1.0,24.5968,121.841078
08BEAC252862,2023-06-30,14:54:38,27.8,100.0,3.0,24.780019,121.180754
08BEAC245CF6,2023-06-30,14:55:03,29.1,100.0,5.0,23.468906434845,120.46094857156
08BEAC245ED4,2023-06-30,14:55:23,28.7,100.0,2.0,24.61402,121.853386
08BEAC252C20,2023-06-30,14:55:44,27.2,100.0,4.0,24.574514,121.47802
08BEAC252B9A,2023-06-30,14:56:18,24.7,100.0,4.0,24.6250013,121.1482569
08BEAC252BA0,2023-06-30,14:56:22,29.8,100.0,5.0,24.6752335,121.0590723
08BEAC245B1C,2023-06-30,14:56:42,29.8,100.0,7.0,24.602338,120.77856
08BEAC245C4E,2023-06-30,14:56:51,27.2,100.0,7.0,24.374115,120.8436439
08BEAC25291A,2023-06-30,14:57:30,31.3,100.0,7.0,24.9027334,120.9912667
08BEAC245F6A,2023-06-30,14:57:48,28.6,100.0,3.0,24.7457187,121.0847249
08BEAC245C7A,2023-06-30,14:58:13,29.7,100.0,9.0,24.649751,120.9531952
08BEAC245F3C,2023-06-30,14:59:05,29.3,100.0,4.0,24.639860153198,121.83334350585
08BEAC2528CE,2023-06-30,14:59:10,30.2,100.0,3.0,24.7530748,121.7550418
08BEAC252838,2023-06-30,14:59:18,27.1,100.0,3.0,23.819479,121.473126
08BEAC245E02,2023-06-30,14:59:25,29.8,93.0,4.0,24.686842,121.798426
08BEAC252AE2,2023-06-30,14:59:35,25.1,100.0,2.0,24.4373287,121.3807443
08BEAC245D64,2023-06-30,14:59:47,29.3,99.0,4.0,24.62168,121.834905
08BEAC245DA6,2023-06-30,14:59:50,29.1,100.0,2.0,23.4844262,120.4874326
08BEAC252820,2023-06-30,14:59:50,31.7,100.0,4.0,24.830241,121.0067357
08BEAC252862,2023-06-30,14:59:53,27.8,100.0,4.0,24.780019,121.180754
08BEAC245F4A,2023-06-30,14:59:55,29.0,100.0,1.0,24.5968,121.841078
08BEAC245CF6,2023-06-30,15:00:18,29.1,100.0,5.0,23.468906434845,120.46094857156
08BEAC245ED4,2023-06-30,15:00:38,28.8,100.0,2.0,24.61402,121.853386
08BEAC252C20,2023-06-30,15:00:59,27.1,100.0,4.0,24.574514,121.47802
08BEAC252B9A,2023-06-30,15:01:34,24.7,100.0,4.0,24.6250013,121.1482569
08BEAC252BA0,2023-06-30,15:01:37,29.8,100.0,6.0,24.6752335,121.0590723
08BEAC245B1C,2023-06-30,15:01:56,29.8,100.0,6.0,24.602338,120.77856
08BEAC245C4E,2023-06-30,15:02:06,27.2,100.0,8.0,24.374115,120.8436439
08BEAC25291A,2023-06-30,15:02:45,31.3,100.0,7.0,24.9027334,120.9912667
08BEAC245F6A,2023-06-30,15:03:02,28.7,100.0,4.0,24.7457187,121.0847249
08BEAC245C7A,2023-06-30,15:03:28,29.6,100.0,9.0,24.649751,120.9531952
08BEAC245F3C,2023-06-30,15:04:21,29.2,100.0,4.0,24.639860153198,121.83334350585
08BEAC2528CE,2023-06-30,15:04:29,30.2,100.0,3.0,24.7530748,121.7550418
08BEAC252838,2023-06-30,15:04:33,27.1,100.0,3.0,23.819479,121.473126
08BEAC245E02,2023-06-30,15:04:39,29.7,93.0,5.0,24.686842,121.798426
08BEAC252AE2,2023-06-30,15:04:49,25.1,100.0,2.0,24.4373287,121.3807443
08BEAC245D64,2023-06-30,15:05:04,29.3,99.0,4.0,24.62168,121.834905
08BEAC245DA6,2023-06-30,15:05:08,29.1,100.0,2.0,23.4844262,120.4874326
08BEAC245F4A,2023-06-30,15:05:10,29.0,100.0,2.0,24.5968,121.841078
08BEAC252820,2023-06-30,15:05:11,31.6,100.0,4.0,24.830241,121.0067357
08BEAC252862,2023-06-30,15:05:11,27.8,100.0,3.0,24.780019,121.180754
08BEAC245CF6,2023-06-30,15:05:33,29.1,100.0,4.0,23.468906434845,120.46094857156
08BEAC245ED4,2023-06-30,15:05:54,28.7,100.0,3.0,24.61402,121.853386
08BEAC252C20,2023-06-30,15:06:12,27.2,100.0,4.0,24.574514,121.47802
08BEAC252B9A,2023-06-30,15:06:51,24.7,100.0,4.0,24.6250013,121.1482569
08BEAC252BA0,2023-06-30,15:06:55,29.8,100.0,6.0,24.6752335,121.0590723
08BEAC245B1C,2023-06-30,15:07:10,29.7,100.0,7.0,24.602338,120.77856
08BEAC245C4E,2023-06-30,15:07:21,27.2,100.0,7.0,24.374115,120.8436439
08BEAC25291A,2023-06-30,15:08:00,31.3,100.0,7.0,24.9027334,120.9912667
08BEAC245F6A,2023-06-30,15:08:17,28.6,100.0,4.0,24.7457187,121.0847249
08BEAC245C7A,2023-06-30,15:08:42,29.5,100.0,9.0,24.649751,120.9531952
08BEAC245F3C,2023-06-30,15:09:37,29.2,100.0,4.0,24.639860153198,121.83334350585
08BEAC252838,2023-06-30,15:09:49,27.2,100.0,3.0,23.819479,121.473126
08BEAC245E02,2023-06-30,15:09:55,29.7,94.0,5.0,24.686842,121.798426
08BEAC2528CE,2023-06-30,15:09:56,30.1,100.0,4.0,24.7530748,121.7550418
08BEAC252AE2,2023-06-30,15:10:05,25.0,100.0,2.0,24.4373287,121.3807443
08BEAC245D64,2023-06-30,15:10:19,29.3,99.0,3.0,24.62168,121.834905
08BEAC245F4A,2023-06-30,15:10:26,29.0,100.0,1.0,24.5968,121.841078
08BEAC252820,2023-06-30,15:10:26,31.6,100.0,3.0,24.830241,121.0067357
08BEAC245DA6,2023-06-30,15:10:28,29.1,100.0,2.0,23.4844262,120.4874326
08BEAC252862,2023-06-30,15:10:28,27.8,100.0,3.0,24.780019,121.180754
08BEAC245CF6,2023-06-30,15:10:48,29.0,100.0,4.0,23.468906434845,120.46094857156
08BEAC245ED4,2023-06-30,15:11:11,28.8,100.0,3.0,24.61402,121.853386
08BEAC252C20,2023-06-30,15:11:26,27.2,100.0,4.0,24.574514,121.47802
08BEAC252B9A,2023-06-30,15:12:04,24.7,100.0,4.0,24.6250013,121.1482569
08BEAC252BA0,2023-06-30,15:12:11,29.8,100.0,6.0,24.6752335,121.0590723
08BEAC245B1C,2023-06-30,15:12:26,29.7,100.0,7.0,24.602338,120.77856
08BEAC245C4E,2023-06-30,15:12:35,27.2,100.0,7.0,24.374115,120.8436439
08BEAC25291A,2023-06-30,15:13:15,31.3,100.0,8.0,24.9027334,120.9912667
08BEAC245F6A,2023-06-30,15:13:34,28.5,100.0,4.0,24.7457187,121.0847249
08BEAC245C7A,2023-06-30,15:13:57,29.3,100.0,10.0,24.649751,120.9531952
08BEAC245F3C,2023-06-30,15:14:52,29.2,100.0,4.0,24.639860153198,121.83334350585
08BEAC252838,2023-06-30,15:15:05,27.1,100.0,3.0,23.819479,121.473126
08BEAC245E02,2023-06-30,15:15:09,29.7,93.0,5.0,24.686842,121.798426
08BEAC2528CE,2023-06-30,15:15:13,30.1,100.0,4.0,24.7530748,121.7550418
08BEAC252AE2,2023-06-30,15:15:20,25.0,100.0,1.0,24.4373287,121.3807443
08BEAC245D64,2023-06-30,15:15:33,29.3,99.0,2.0,24.62168,121.834905
08BEAC245F4A,2023-06-30,15:15:41,29.0,100.0,1.0,24.5968,121.841078
08BEAC252820,2023-06-30,15:15:41,31.5,100.0,3.0,24.830241,121.0067357
08BEAC245DA6,2023-06-30,15:15:42,29.1,100.0,2.0,23.4844262,120.4874326
08BEAC252862,2023-06-30,15:15:44,28.0,100.0,4.0,24.780019,121.180754
08BEAC245CF6,2023-06-30,15:16:05,29.0,100.0,4.0,23.468906434845,120.46094857156
08BEAC245ED4,2023-06-30,15:16:25,28.8,100.0,3.0,24.61402,121.853386
08BEAC252C20,2023-06-30,15:16:41,27.1,100.0,4.0,24.574514,121.47802
08BEAC252B9A,2023-06-30,15:17:20,24.6,100.0,5.0,24.6250013,121.1482569
08BEAC252BA0,2023-06-30,15:17:25,29.7,100.0,6.0,24.6752335,121.0590723
08BEAC245B1C,2023-06-30,15:17:41,29.6,100.0,7.0,24.602338,120.77856
08BEAC245C4E,2023-06-30,15:17:51,27.3,100.0,7.0,24.374115,120.8436439
08BEAC25291A,2023-06-30,15:18:29,31.3,100.0,10.0,24.9027334,120.9912667
08BEAC245F6A,2023-06-30,15:18:49,28.5,100.0,4.0,24.7457187,121.0847249
08BEAC245C7A,2023-06-30,15:19:13,29.3,100.0,10.0,24.649751,120.9531952
08BEAC245F3C,2023-06-30,15:20:06,29.2,100.0,4.0,24.639860153198,121.83334350585
08BEAC252838,2023-06-30,15:20:20,27.0,100.0,2.0,23.819479,121.473126
08BEAC245E02,2023-06-30,15:20:25,30.0,93.0,5.0,24.686842,121.798426
08BEAC2528CE,2023-06-30,15:20:33,30.0,100.0,4.0,24.7530748,121.7550418
08BEAC252AE2,2023-06-30,15:20:36,24.8,100.0,2.0,24.4373287,121.3807443
08BEAC245D64,2023-06-30,15:20:47,29.3,99.0,2.0,24.62168,121.834905
08BEAC245F4A,2023-06-30,15:20:55,29.0,100.0,1.0,24.5968,121.841078
08BEAC252820,2023-06-30,15:20:56,31.3,100.0,3.0,24.830241,121.0067357
08BEAC245DA6,2023-06-30,15:20:58,29.0,100.0,2.0,23.4844262,120.4874326
08BEAC252862,2023-06-30,15:20:59,28.0,100.0,4.0,24.780019,121.180754
08BEAC245CF6,2023-06-30,15:21:19,29.0,100.0,5.0,23.468906434845,120.46094857156
08BEAC245ED4,2023-06-30,15:21:39,28.7,100.0,3.0,24.61402,121.853386
08BEAC252C20,2023-06-30,15:21:55,27.2,100.0,4.0,24.574514,121.47802
08BEAC252B9A,2023-06-30,15:22:35,24.6,100.0,5.0,24.6250013,121.1482569
08BEAC252BA0,2023-06-30,15:22:42,29.7,100.0,6.0,24.6752335,121.0590723
08BEAC245B1C,2023-06-30,15:22:56,29.6,100.0,7.0,24.602338,120.77856
08BEAC245C4E,2023-06-30,15:23:06,27.2,100.0,7.0,24.374115,120.8436439
08BEAC25291A,2023-06-30,15:23:44,31.3,100.0,9.0,24.9027334,120.9912667
08BEAC245F6A,2023-06-30,15:24:05,28.5,100.0,4.0,24.7457187,121.0847249
08BEAC245C7A,2023-06-30,15:24:27,29.3,100.0,10.0,24.649751,120.9531952
08BEAC245F3C,2023-06-30,15:25:22,29.2,100.0,4.0,24.639860153198,121.83334350585
08BEAC252838,2023-06-30,15:25:34,27.0,100.0,3.0,23.819479,121.473126
08BEAC245E02,2023-06-30,15:25:40,30.0,93.0,5.0,24.686842,121.798426
08BEAC2528CE,2023-06-30,15:25:48,30.0,100.0,4.0,24.7530748,121.7550418
08BEAC252AE2,2023-06-30,15:25:52,25.0,100.0,1.0,24.4373287,121.3807443
08BEAC245D64,2023-06-30,15:26:02,29.3,98.0,3.0,24.62168,121.834905
08BEAC245F4A,2023-06-30,15:26:10,28.8,100.0,1.0,24.5968,121.841078
08BEAC252820,2023-06-30,15:26:12,31.3,100.0,3.0,24.830241,121.0067357
08BEAC245DA6,2023-06-30,15:26:14,29.0,100.0,2.0,23.4844262,120.4874326
08BEAC252862,2023-06-30,15:26:15,28.0,100.0,3.0,24.780019,121.180754
08BEAC245CF6,2023-06-30,15:26:33,29.0,100.0,6.0,23.468906434845,120.46094857156
08BEAC245ED4,2023-06-30,15:26:55,28.8,100.0,3.0,24.61402,121.853386
08BEAC252C20,2023-06-30,15:27:10,27.0,100.0,4.0,24.574514,121.47802
08BEAC252B9A,2023-06-30,15:27:51,24.6,100.0,5.0,24.6250013,121.1482569
08BEAC252BA0,2023-06-30,15:27:58,29.7,100.0,6.0,24.6752335,121.0590723
08BEAC245B1C,2023-06-30,15:28:11,29.5,100.0,6.0,24.602338,120.77856
08BEAC245C4E,2023-06-30,15:28:24,27.2,100.0,7.0,24.374115,120.8436439
08BEAC25291A,2023-06-30,15:28:59,31.2,100.0,8.0,24.9027334,120.9912667
08BEAC245F6A,2023-06-30,15:29:20,28.3,100.0,4.0,24.7457187,121.0847249
08BEAC245C7A,2023-06-30,15:29:45,29.3,100.0,10.0,24.649751,120.9531952
08BEAC245F3C,2023-06-30,15:30:39,29.2,100.0,4.0,24.639860153198,121.83334350585
08BEAC245E02,2023-06-30,15:30:55,30.0,92.0,5.0,24.686842,121.798426
08BEAC252838,2023-06-30,15:31:04,27.1,100.0,3.0,23.819479,121.473126
08BEAC252AE2,2023-06-30,15:31:10,24.8,100.0,1.0,24.4373287,121.3807443
08BEAC2528CE,2023-06-30,15:31:11,29.8,100.0,4.0,24.7530748,121.7550418
08BEAC245D64,2023-06-30,15:31:17,29.3,98.0,3.0,24.62168,121.834905
08BEAC245F4A,2023-06-30,15:31:26,28.8,100.0,1.0,24.5968,121.841078
08BEAC252862,2023-06-30,15:31:29,28.1,100.0,4.0,24.780019,121.180754
08BEAC245DA6,2023-06-30,15:31:31,29.1,100.0,1.0,23.4844262,120.4874326
08BEAC252820,2023-06-30,15:31:43,31.3,100.0,3.0,24.830241,121.0067357
08BEAC245CF6,2023-06-30,15:31:49,29.0,100.0,7.0,23.468906434845,120.46094857156
08BEAC245ED4,2023-06-30,15:32:10,28.8,100.0,3.0,24.61402,121.853386
08BEAC252C20,2023-06-30,15:32:25,27.0,100.0,4.0,24.574514,121.47802
08BEAC252BA0,2023-06-30,15:33:23,29.6,100.0,6.0,24.6752335,121.0590723
08BEAC252B9A,2023-06-30,15:33:28,24.6,100.0,4.0,24.6250013,121.1482569
08BEAC245B1C,2023-06-30,15:33:29,29.5,100.0,6.0,24.602338,120.77856
08BEAC25291A,2023-06-30,15:34:13,31.2,100.0,7.0,24.9027334,120.9912667
08BEAC245F6A,2023-06-30,15:34:37,28.5,100.0,4.0,24.7457187,121.0847249
08BEAC245C7A,2023-06-30,15:35:05,29.2,100.0,9.0,24.649751,120.9531952
08BEAC245F3C,2023-06-30,15:36:03,29.2,100.0,4.0,24.639860153198,121.83334350585
08BEAC245E02,2023-06-30,15:36:09,30.1,92.0,4.0,24.686842,121.798426
08BEAC252838,2023-06-30,15:36:20,27.1,100.0,3.0,23.819479,121.473126
08BEAC252AE2,2023-06-30,15:36:25,24.8,100.0,1.0,24.4373287,121.3807443
08BEAC2528CE,2023-06-30,15:36:31,29.7,100.0,3.0,24.7530748,121.7550418
08BEAC245D64,2023-06-30,15:36:33,29.3,98.0,2.0,24.62168,121.834905
08BEAC252862,2023-06-30,15:36:45,28.1,100.0,6.0,24.780019,121.180754
08BEAC245F4A,2023-06-30,15:36:47,28.8,100.0,1.0,24.5968,121.841078
08BEAC245DA6,2023-06-30,15:36:48,29.1,100.0,2.0,23.4844262,120.4874326
08BEAC252820,2023-06-30,15:36:59,31.5,100.0,3.0,24.830241,121.0067357
08BEAC245CF6,2023-06-30,15:37:05,29.0,100.0,8.0,23.468906434845,120.46094857156
08BEAC252C20,2023-06-30,15:37:49,27.0,100.0,4.0,24.574514,121.47802
08BEAC252BA0,2023-06-30,15:38:39,29.6,100.0,6.0,24.6752335,121.0590723
08BEAC252B9A,2023-06-30,15:38:42,24.6,100.0,4.0,24.6250013,121.1482569
08BEAC245B1C,2023-06-30,15:38:47,29.3,100.0,6.0,24.602338,120.77856
08BEAC245C4E,2023-06-30,15:38:49,27.2,100.0,7.0,24.374115,120.8436439
08BEAC25291A,2023-06-30,15:39:29,31.1,100.0,6.0,24.9027334,120.9912667
08BEAC245F6A,2023-06-30,15:39:56,28.6,100.0,4.0,24.7457187,121.0847249
08BEAC245C7A,2023-06-30,15:40:20,29.2,100.0,9.0,24.649751,120.9531952
08BEAC245F3C,2023-06-30,15:41:23,29.1,100.0,4.0,24.639860153198,121.83334350585
08BEAC245E02,2023-06-30,15:41:24,30.1,91.0,4.0,24.686842,121.798426
08BEAC252838,2023-06-30,15:41:36,27.0,100.0,3.0,23.819479,121.473126
08BEAC245D64,2023-06-30,15:41:49,29.3,99.0,3.0,24.62168,121.834905
08BEAC2528CE,2023-06-30,15:41:50,29.6,100.0,3.0,24.7530748,121.7550418
08BEAC245F4A,2023-06-30,15:42:01,28.7,100.0,1.0,24.5968,121.841078
08BEAC245DA6,2023-06-30,15:42:04,29.1,100.0,2.0,23.4844262,120.4874326
08BEAC252862,2023-06-30,15:42:06,28.1,100.0,5.0,24.780019,121.180754
08BEAC252820,2023-06-30,15:42:14,31.3,100.0,3.0,24.830241,121.0067357
08BEAC245CF6,2023-06-30,15:42:21,28.8,100.0,8.0,23.468906434845,120.46094857156
08BEAC245ED4,2023-06-30,15:42:43,28.8,100.0,3.0,24.61402,121.853386
08BEAC252C20,2023-06-30,15:43:04,27.0,100.0,4.0,24.574514,121.47802
08BEAC252B9A,2023-06-30,15:44:00,24.5,100.0,4.0,24.6250013,121.1482569
08BEAC252BA0,2023-06-30,15:44:02,29.5,100.0,6.0,24.6752335,121.0590723
08BEAC245B1C,2023-06-30,15:44:07,29.3,100.0,7.0,24.602338,120.77856
08BEAC245C4E,2023-06-30,15:44:12,27.2,100.0,7.0,24.374115,120.8436439
08BEAC25291A,2023-06-30,15:44:45,31.0,100.0,7.0,24.9027334,120.9912667
08BEAC245F6A,2023-06-30,15:45:13,28.7,100.0,4.0,24.7457187,121.0847249
08BEAC245C7A,2023-06-30,15:45:52,29.1,100.0,10.0,24.649751,120.9531952
08BEAC245E02,2023-06-30,15:46:40,30.2,91.0,4.0,24.686842,121.798426
08BEAC245F3C,2023-06-30,15:46:42,29.1,100.0,3.0,24.639860153198,121.83334350585
08BEAC252838,2023-06-30,15:46:50,27.0,100.0,3.0,23.819479,121.473126
08BEAC252AE2,2023-06-30,15:47:00,24.8,100.0,1.0,24.4373287,121.3807443
08BEAC2528CE,2023-06-30,15:47:05,29.5,100.0,4.0,24.7530748,121.7550418
08BEAC245D64,2023-06-30,15:47:08,29.3,99.0,3.0,24.62168,121.834905
08BEAC245F4A,2023-06-30,15:47:16,28.7,100.0,1.0,24.5968,121.841078
08BEAC252862,2023-06-30,15:47:22,28.1,100.0,3.0,24.780019,121.180754
08BEAC245DA6,2023-06-30,15:47:23,28.8,100.0,2.0,23.4844262,120.4874326
08BEAC252820,2023-06-30,15:47:30,31.3,100.0,3.0,24.830241,121.0067357
08BEAC245CF6,2023-06-30,15:47:36,28.8,100.0,9.0,23.468906434845,120.46094857156
08BEAC245ED4,2023-06-30,15:48:00,28.8,100.0,3.0,24.61402,121.853386
08BEAC252C20,2023-06-30,15:48:23,26.7,100.0,3.0,24.574514,121.47802
08BEAC252B9A,2023-06-30,15:49:16,24.5,100.0,4.0,24.6250013,121.1482569
08BEAC252BA0,2023-06-30,15:49:16,29.6,100.0,6.0,24.6752335,121.0590723
08BEAC245B1C,2023-06-30,15:49:22,29.3,100.0,6.0,24.602338,120.77856
08BEAC245C4E,2023-06-30,15:49:30,27.2,100.0,8.0,24.374115,120.8436439
08BEAC25291A,2023-06-30,15:50:11,30.8,100.0,7.0,24.9027334,120.9912667
08BEAC245F6A,2023-06-30,15:50:37,28.6,100.0,5.0,24.7457187,121.0847249
08BEAC245C7A,2023-06-30,15:51:09,29.1,100.0,9.0,24.649751,120.9531952
08BEAC245E02,2023-06-30,15:51:54,30.1,91.0,4.0,24.686842,121.798426
08BEAC245F3C,2023-06-30,15:51:57,29.1,100.0,3.0,24.639860153198,121.83334350585
08BEAC252838,2023-06-30,15:52:06,27.0,100.0,3.0,23.819479,121.473126
08BEAC252AE2,2023-06-30,15:52:16,24.8,100.0,1.0,24.4373287,121.3807443
08BEAC2528CE,2023-06-30,15:52:22,29.5,100.0,4.0,24.7530748,121.7550418
08BEAC245D64,2023-06-30,15:52:23,29.3,99.0,4.0,24.62168,121.834905
08BEAC245F4A,2023-06-30,15:52:30,28.7,100.0,1.0,24.5968,121.841078
08BEAC252862,2023-06-30,15:52:37,28.1,100.0,3.0,24.780019,121.180754
08BEAC245DA6,2023-06-30,15:52:39,28.8,100.0,1.0,23.4844262,120.4874326
08BEAC245CF6,2023-06-30,15:52:53,28.8,100.0,9.0,23.468906434845,120.46094857156
08BEAC245ED4,2023-06-30,15:53:16,29.0,100.0,3.0,24.61402,121.853386
08BEAC252C20,2023-06-30,15:53:37,26.8,100.0,4.0,24.574514,121.47802
08BEAC252B9A,2023-06-30,15:54:31,24.3,100.0,4.0,24.6250013,121.1482569
08BEAC252BA0,2023-06-30,15:54:32,29.6,100.0,6.0,24.6752335,121.0590723
08BEAC245B1C,2023-06-30,15:54:37,29.3,100.0,6.0,24.602338,120.77856
08BEAC245C4E,2023-06-30,15:54:48,27.2,100.0,7.0,24.374115,120.8436439
08BEAC25291A,2023-06-30,15:55:25,31.0,100.0,7.0,24.9027334,120.9912667
08BEAC245F6A,2023-06-30,15:55:51,28.6,100.0,5.0,24.7457187,121.0847249
08BEAC245C7A,2023-06-30,15:56:24,29.1,100.0,9.0,24.649751,120.9531952
08BEAC245E02,2023-06-30,15:57:10,30.1,91.0,4.0,24.686842,121.798426
08BEAC245F3C,2023-06-30,15:57:11,29.2,100.0,4.0,24.639860153198,121.83334350585
08BEAC252838,2023-06-30,15:57:20,26.8,100.0,4.0,23.819479,121.473126
08BEAC252AE2,2023-06-30,15:57:31,24.7,100.0,1.0,24.4373287,121.3807443
08BEAC245D64,2023-06-30,15:57:39,29.2,99.0,4.0,24.62168,121.834905
08BEAC2528CE,2023-06-30,15:57:41,29.2,100.0,4.0,24.7530748,121.7550418
08BEAC245F4A,2023-06-30,15:57:46,28.8,100.0,1.0,24.5968,121.841078
08BEAC252862,2023-06-30,15:57:52,28.0,100.0,4.0,24.780019,121.180754
08BEAC252820,2023-06-30,15:57:54,31.3,100.0,3.0,24.830241,121.0067357
08BEAC245DA6,2023-06-30,15:57:55,28.8,100.0,2.0,23.4844262,120.4874326
08BEAC245CF6,2023-06-30,15:58:09,28.8,100.0,8.0,23.468906434845,120.46094857156
08BEAC245ED4,2023-06-30,15:58:31,28.7,100.0,3.0,24.61402,121.853386
08BEAC252C20,2023-06-30,15:58:52,26.8,100.0,4.0,24.574514,121.47802
08BEAC252B9A,2023-06-30,15:59:44,24.3,100.0,3.0,24.6250013,121.1482569
08BEAC252BA0,2023-06-30,15:59:46,29.5,100.0,6.0,24.6752335,121.0590723
08BEAC245B1C,2023-06-30,15:59:51,29.3,100.0,7.0,24.602338,120.77856
08BEAC245C4E,2023-06-30,16:00:06,27.2,100.0,7.0,24.374115,120.8436439
08BEAC25291A,2023-06-30,16:00:40,30.8,100.0,6.0,24.9027334,120.9912667
08BEAC245F6A,2023-06-30,16:01:04,28.5,100.0,5.0,24.7457187,121.0847249
08BEAC245C7A,2023-06-30,16:01:41,29.0,100.0,9.0,24.649751,120.9531952
08BEAC245E02,2023-06-30,16:02:24,30.1,91.0,4.0,24.686842,121.798426
08BEAC245F3C,2023-06-30,16:02:27,29.1,100.0,5.0,24.639860153198,121.83334350585
08BEAC252838,2023-06-30,16:02:37,27.0,100.0,3.0,23.819479,121.473126
08BEAC252AE2,2023-06-30,16:02:46,24.6,100.0,1.0,24.4373287,121.3807443
08BEAC245D64,2023-06-30,16:02:54,29.2,99.0,4.0,24.62168,121.834905
08BEAC2528CE,2023-06-30,16:02:58,29.0,100.0,4.0,24.7530748,121.7550418
08BEAC245F4A,2023-06-30,16:03:01,28.8,100.0,1.0,24.5968,121.841078
08BEAC252862,2023-06-30,16:03:08,28.0,100.0,4.0,24.780019,121.180754
08BEAC245DA6,2023-06-30,16:03:10,28.8,100.0,2.0,23.4844262,120.4874326
08BEAC252820,2023-06-30,16:03:13,31.3,100.0,4.0,24.830241,121.0067357
08BEAC245CF6,2023-06-30,16:03:25,28.8,100.0,5.0,23.468906434845,120.46094857156
08BEAC245ED4,2023-06-30,16:03:46,28.7,100.0,3.0,24.61402,121.853386
08BEAC252C20,2023-06-30,16:04:07,26.8,100.0,4.0,24.574514,121.47802
08BEAC252B9A,2023-06-30,16:05:01,24.3,100.0,3.0,24.6250013,121.1482569
08BEAC245B1C,2023-06-30,16:05:07,29.3,100.0,7.0,24.602338,120.77856
08BEAC252BA0,2023-06-30,16:05:09,29.5,100.0,6.0,24.6752335,121.0590723
08BEAC245C4E,2023-06-30,16:05:20,27.1,100.0,8.0,24.374115,120.8436439
08BEAC25291A,2023-06-30,16:05:54,30.8,100.0,5.0,24.9027334,120.9912667
08BEAC245F6A,2023-06-30,16:06:25,28.3,100.0,4.0,24.7457187,121.0847249
08BEAC245C7A,2023-06-30,16:06:55,29.1,100.0,9.0,24.649751,120.9531952
08BEAC245E02,2023-06-30,16:07:39,30.1,91.0,4.0,24.686842,121.798426
08BEAC252838,2023-06-30,16:07:52,27.1,100.0,4.0,23.819479,121.473126
08BEAC252AE2,2023-06-30,16:08:02,24.7,100.0,1.0,24.4373287,121.3807443
08BEAC245D64,2023-06-30,16:08:09,29.2,99.0,3.0,24.62168,121.834905
08BEAC2528CE,2023-06-30,16:08:15,29.0,100.0,4.0,24.7530748,121.7550418
08BEAC245F4A,2023-06-30,16:08:17,28.8,100.0,1.0,24.5968,121.841078
08BEAC245DA6,2023-06-30,16:08:26,28.8,100.0,1.0,23.4844262,120.4874326
08BEAC252862,2023-06-30,16:08:26,27.8,100.0,3.0,24.780019,121.180754
08BEAC252820,2023-06-30,16:08:28,31.5,100.0,4.0,24.830241,121.0067357
08BEAC245CF6,2023-06-30,16:08:40,28.7,100.0,5.0,23.468906434845,120.46094857156
08BEAC245ED4,2023-06-30,16:09:01,28.7,100.0,3.0,24.61402,121.853386
08BEAC252C20,2023-06-30,16:09:21,26.8,100.0,4.0,24.574514,121.47802
08BEAC245B1C,2023-06-30,16:10:21,29.3,100.0,6.0,24.602338,120.77856
08BEAC252BA0,2023-06-30,16:10:22,29.5,100.0,6.0,24.6752335,121.0590723
08BEAC245C4E,2023-06-30,16:10:35,27.0,100.0,8.0,24.374115,120.8436439
08BEAC25291A,2023-06-30,16:11:09,30.7,100.0,4.0,24.9027334,120.9912667
08BEAC245F6A,2023-06-30,16:11:39,28.5,100.0,5.0,24.7457187,121.0847249
08BEAC245C7A,2023-06-30,16:12:11,29.1,100.0,9.0,24.649751,120.9531952
08BEAC245F3C,2023-06-30,16:12:51,29.1,100.0,10.0,24.639860153198,121.83334350585
08BEAC245E02,2023-06-30,16:12:53,30.0,91.0,5.0,24.686842,121.798426
08BEAC252838,2023-06-30,16:13:06,27.1,100.0,5.0,23.819479,121.473126
08BEAC252AE2,2023-06-30,16:13:15,24.7,100.0,1.0,24.4373287,121.3807443
08BEAC245D64,2023-06-30,16:13:22,29.2,99.0,3.0,24.62168,121.834905
08BEAC2528CE,2023-06-30,16:13:31,29.0,100.0,4.0,24.7530748,121.7550418
08BEAC245F4A,2023-06-30,16:13:34,29.0,100.0,1.0,24.5968,121.841078
08BEAC252862,2023-06-30,16:13:40,27.8,100.0,3.0,24.780019,121.180754
08BEAC245DA6,2023-06-30,16:13:41,28.8,100.0,2.0,23.4844262,120.4874326
08BEAC245CF6,2023-06-30,16:13:54,28.7,100.0,5.0,23.468906434845,120.46094857156
08BEAC245ED4,2023-06-30,16:14:16,28.8,100.0,3.0,24.61402,121.853386
08BEAC252C20,2023-06-30,16:14:37,26.7,100.0,4.0,24.574514,121.47802
08BEAC245B1C,2023-06-30,16:15:36,29.3,100.0,6.0,24.602338,120.77856
08BEAC252BA0,2023-06-30,16:15:38,29.3,100.0,6.0,24.6752335,121.0590723
08BEAC245C4E,2023-06-30,16:15:49,27.0,100.0,8.0,24.374115,120.8436439
08BEAC252B9A,2023-06-30,16:15:56,24.3,100.0,4.0,24.6250013,121.1482569
08BEAC25291A,2023-06-30,16:16:25,30.8,100.0,4.0,24.9027334,120.9912667
08BEAC245F6A,2023-06-30,16:16:54,28.3,100.0,5.0,24.7457187,121.0847249
08BEAC245C7A,2023-06-30,16:17:28,29.1,100.0,8.0,24.649751,120.9531952
08BEAC245F3C,2023-06-30,16:18:07,29.1,100.0,11.0,24.639860153198,121.83334350585
08BEAC245E02,2023-06-30,16:18:10,30.0,91.0,4.0,24.686842,121.798426
08BEAC252838,2023-06-30,16:18:21,27.0,100.0,6.0,23.819479,121.473126
08BEAC252AE2,2023-06-30,16:18:33,24.5,100.0,1.0,24.4373287,121.3807443
08BEAC245D64,2023-06-30,16:18:38,29.2,99.0,3.0,24.62168,121.834905
08BEAC245F4A,2023-06-30,16:18:49,29.0,100.0,2.0,24.5968,121.841078
08BEAC2528CE,2023-06-30,16:18:50,29.2,100.0,4.0,24.7530748,121.7550418
08BEAC252820,2023-06-30,16:18:53,31.3,100.0,4.0,24.830241,121.0067357
08BEAC245DA6,2023-06-30,16:18:55,28.8,100.0,1.0,23.4844262,120.4874326
08BEAC252862,2023-06-30,16:18:55,28.0,100.0,4.0,24.780019,121.180754
08BEAC245CF6,2023-06-30,16:19:09,28.7,100.0,5.0,23.468906434845,120.46094857156
08BEAC245ED4,2023-06-30,16:19:31,28.7,100.0,3.0,24.61402,121.853386
08BEAC252C20,2023-06-30,16:19:50,26.7,100.0,4.0,24.574514,121.47802
08BEAC245B1C,2023-06-30,16:20:51,29.2,100.0,6.0,24.602338,120.77856
08BEAC252BA0,2023-06-30,16:20:54,29.3,100.0,6.0,24.6752335,121.0590723
08BEAC245C4E,2023-06-30,16:21:06,27.0,100.0,7.0,24.374115,120.8436439
08BEAC252B9A,2023-06-30,16:21:11,24.2,100.0,3.0,24.6250013,121.1482569
08BEAC25291A,2023-06-30,16:21:40,30.8,100.0,4.0,24.9027334,120.9912667
08BEAC245F6A,2023-06-30,16:22:10,28.3,100.0,6.0,24.7457187,121.0847249
08BEAC245C7A,2023-06-30,16:22:42,29.0,100.0,9.0,24.649751,120.9531952
08BEAC245F3C,2023-06-30,16:23:22,29.0,100.0,7.0,24.639860153198,121.83334350585
08BEAC245E02,2023-06-30,16:23:23,30.0,90.0,4.0,24.686842,121.798426
08BEAC252838,2023-06-30,16:23:36,26.8,100.0,7.0,23.819479,121.473126
08BEAC252AE2,2023-06-30,16:23:48,24.3,100.0,1.0,24.4373287,121.3807443
08BEAC245D64,2023-06-30,16:23:54,29.2,99.0,4.0,24.62168,121.834905
08BEAC245F4A,2023-06-30,16:24:03,29.0,100.0,3.0,24.5968,121.841078
08BEAC2528CE,2023-06-30,16:24:06,29.2,100.0,3.0,24.7530748,121.7550418
08BEAC245DA6,2023-06-30,16:24:10,28.7,100.0,1.0,23.4844262,120.4874326
08BEAC252820,2023-06-30,16:24:11,31.3,100.0,4.0,24.830241,121.0067357
08BEAC252862,2023-06-30,16:24:11,27.8,100.0,5.0,24.780019,121.180754
08BEAC245CF6,2023-06-30,16:24:26,28.7,100.0,5.0,23.468906434845,120.46094857156
08BEAC245ED4,2023-06-30,16:24:46,28.7,100.0,3.0,24.61402,121.853386
08BEAC252C20,2023-06-30,16:25:06,26.7,100.0,3.0,24.574514,121.47802
08BEAC245B1C,2023-06-30,16:26:06,29.2,100.0,6.0,24.602338,120.77856
08BEAC252BA0,2023-06-30,16:26:09,29.3,100.0,6.0,24.6752335,121.0590723
08BEAC245C4E,2023-06-30,16:26:21,27.0,100.0,7.0,24.374115,120.8436439
08BEAC252B9A,2023-06-30,16:26:26,24.2,100.0,4.0,24.6250013,121.1482569
08BEAC25291A,2023-06-30,16:26:54,30.7,100.0,3.0,24.9027334,120.9912667
08BEAC245F6A,2023-06-30,16:27:23,28.3,100.0,6.0,24.7457187,121.0847249
08BEAC245C7A,2023-06-30,16:27:59,29.0,100.0,8.0,24.649751,120.9531952
08BEAC245F3C,2023-06-30,16:28:39,29.0,100.0,11.0,24.639860153198,121.83334350585
08BEAC245E02,2023-06-30,16:28:40,30.0,90.0,4.0,24.686842,121.798426
08BEAC252838,2023-06-30,16:28:50,26.7,100.0,6.0,23.819479,121.473126
08BEAC252AE2,2023-06-30,16:29:04,24.2,100.0,1.0,24.4373287,121.3807443
08BEAC245D64,2023-06-30,16:29:09,29.1,99.0,3.0,24.62168,121.834905
08BEAC245F4A,2023-06-30,16:29:18,29.0,100.0,3.0,24.5968,121.841078
08BEAC2528CE,2023-06-30,16:29:22,29.2,100.0,4.0,24.7530748,121.7550418
08BEAC245DA6,2023-06-30,16:29:27,28.8,100.0,1.0,23.4844262,120.4874326
08BEAC252820,2023-06-30,16:29:28,31.5,100.0,4.0,24.830241,121.0067357
08BEAC252862,2023-06-30,16:29:29,27.8,100.0,5.0,24.780019,121.180754
08BEAC245CF6,2023-06-30,16:29:43,28.7,100.0,6.0,23.468906434845,120.46094857156
08BEAC245ED4,2023-06-30,16:30:01,28.7,100.0,3.0,24.61402,121.853386
08BEAC252C20,2023-06-30,16:30:20,26.8,100.0,4.0,24.574514,121.47802
08BEAC245B1C,2023-06-30,16:31:20,29.2,100.0,6.0,24.602338,120.77856
08BEAC252BA0,2023-06-30,16:31:25,29.2,100.0,6.0,24.6752335,121.0590723
08BEAC245C4E,2023-06-30,16:31:37,26.8,100.0,7.0,24.374115,120.8436439
08BEAC252B9A,2023-06-30,16:31:39,24.2,100.0,4.0,24.6250013,121.1482569
08BEAC25291A,2023-06-30,16:32:08,30.7,100.0,4.0,24.9027334,120.9912667
08BEAC245F6A,2023-06-30,16:32:38,28.5,100.0,6.0,24.7457187,121.0847249
08BEAC245C7A,2023-06-30,16:33:14,29.0,100.0,8.0,24.649751,120.9531952
08BEAC245F3C,2023-06-30,16:33:56,29.0,100.0,18.0,24.639860153198,121.83334350585
08BEAC245E02,2023-06-30,16:33:57,30.0,89.0,4.0,24.686842,121.798426
08BEAC252838,2023-06-30,16:34:05,26.7,100.0,6.0,23.819479,121.473126
08BEAC252AE2,2023-06-30,16:34:19,24.2,100.0,1.0,24.4373287,121.3807443
08BEAC245D64,2023-06-30,16:34:24,29.2,99.0,4.0,24.62168,121.834905
08BEAC245F4A,2023-06-30,16:34:32,29.0,100.0,3.0,24.5968,121.841078
08BEAC2528CE,2023-06-30,16:34:37,29.2,100.0,3.0,24.7530748,121.7550418
08BEAC245DA6,2023-06-30,16:34:40,28.8,100.0,1.0,23.4844262,120.4874326
08BEAC252862,2023-06-30,16:34:44,27.8,100.0,4.0,24.780019,121.180754
08BEAC252820,2023-06-30,16:34:46,31.5,100.0,4.0,24.830241,121.0067357
08BEAC245CF6,2023-06-30,16:34:59,28.7,100.0,7.0,23.468906434845,120.46094857156
08BEAC245ED4,2023-06-30,16:35:16,28.7,100.0,3.0,24.61402,121.853386
08BEAC252C20,2023-06-30,16:35:36,26.8,100.0,4.0,24.574514,121.47802
08BEAC245B1C,2023-06-30,16:36:35,29.2,100.0,6.0,24.602338,120.77856
08BEAC252BA0,2023-06-30,16:36:41,29.3,100.0,6.0,24.6752335,121.0590723
08BEAC245C4E,2023-06-30,16:36:52,26.8,100.0,7.0,24.374115,120.8436439
08BEAC252B9A,2023-06-30,16:36:55,24.2,100.0,4.0,24.6250013,121.1482569
08BEAC25291A,2023-06-30,16:37:25,30.8,100.0,5.0,24.9027334,120.9912667
08BEAC245F6A,2023-06-30,16:37:52,28.3,100.0,6.0,24.7457187,121.0847249
08BEAC245C7A,2023-06-30,16:38:30,28.8,100.0,8.0,24.649751,120.9531952
08BEAC245F3C,2023-06-30,16:39:11,29.0,100.0,40.0,24.639860153198,121.83334350585
08BEAC245E02,2023-06-30,16:39:15,30.1,89.0,4.0,24.686842,121.798426
08BEAC252838,2023-06-30,16:39:19,26.7,100.0,6.0,23.819479,121.473126
08BEAC252AE2,2023-06-30,16:39:35,24.3,100.0,1.0,24.4373287,121.3807443
08BEAC245D64,2023-06-30,16:39:38,29.2,100.0,3.0,24.62168,121.834905
08BEAC245F4A,2023-06-30,16:39:46,29.0,100.0,3.0,24.5968,121.841078
08BEAC2528CE,2023-06-30,16:39:53,29.2,100.0,4.0,24.7530748,121.7550418
08BEAC245DA6,2023-06-30,16:39:55,29.0,100.0,1.0,23.4844262,120.4874326
08BEAC252862,2023-06-30,16:39:59,27.7,100.0,4.0,24.780019,121.180754
08BEAC252820,2023-06-30,16:40:02,31.5,100.0,5.0,24.830241,121.0067357
08BEAC245CF6,2023-06-30,16:40:15,28.6,100.0,7.0,23.468906434845,120.46094857156
08BEAC245ED4,2023-06-30,16:40:32,28.6,100.0,3.0,24.61402,121.853386
08BEAC252C20,2023-06-30,16:40:54,26.8,100.0,3.0,24.574514,121.47802
08BEAC245B1C,2023-06-30,16:41:49,29.3,100.0,6.0,24.602338,120.77856
08BEAC252BA0,2023-06-30,16:41:56,29.3,100.0,6.0,24.6752335,121.0590723
08BEAC245C4E,2023-06-30,16:42:07,26.6,100.0,8.0,24.374115,120.8436439
08BEAC252B9A,2023-06-30,16:42:09,24.2,100.0,3.0,24.6250013,121.1482569
08BEAC25291A,2023-06-30,16:42:38,30.8,100.0,5.0,24.9027334,120.9912667
08BEAC245F6A,2023-06-30,16:43:07,28.2,100.0,5.0,24.7457187,121.0847249
08BEAC245C7A,2023-06-30,16:43:43,28.8,100.0,8.0,24.649751,120.9531952
08BEAC245F3C,2023-06-30,16:44:25,29.0,100.0,45.0,24.639860153198,121.83334350585
08BEAC245E02,2023-06-30,16:44:30,30.1,89.0,4.0,24.686842,121.798426
08BEAC252838,2023-06-30,16:44:35,26.7,100.0,5.0,23.819479,121.473126
08BEAC252AE2,2023-06-30,16:44:50,24.3,100.0,1.0,24.4373287,121.3807443
08BEAC245D64,2023-06-30,16:44:53,29.2,99.0,3.0,24.62168,121.834905
08BEAC245F4A,2023-06-30,16:45:03,29.0,100.0,3.0,24.5968,121.841078
08BEAC2528CE,2023-06-30,16:45:10,29.1,100.0,3.0,24.7530748,121.7550418
08BEAC245DA6,2023-06-30,16:45:12,29.0,100.0,1.0,23.4844262,120.4874326
08BEAC252862,2023-06-30,16:45:14,27.7,100.0,3.0,24.780019,121.180754
08BEAC252820,2023-06-30,16:45:16,31.5,100.0,4.0,24.830241,121.0067357
08BEAC245CF6,2023-06-30,16:45:31,28.6,100.0,7.0,23.468906434845,120.46094857156
08BEAC245ED4,2023-06-30,16:45:45,28.6,100.0,2.0,24.61402,121.853386
08BEAC252C20,2023-06-30,16:46:09,26.8,100.0,3.0,24.574514,121.47802
08BEAC245B1C,2023-06-30,16:47:05,29.3,100.0,7.0,24.602338,120.77856
08BEAC252BA0,2023-06-30,16:47:11,29.3,100.0,6.0,24.6752335,121.0590723
08BEAC245C4E,2023-06-30,16:47:20,26.6,100.0,8.0,24.374115,120.8436439
08BEAC252B9A,2023-06-30,16:47:24,24.2,100.0,3.0,24.6250013,121.1482569
08BEAC25291A,2023-06-30,16:47:54,30.8,100.0,4.0,24.9027334,120.9912667
08BEAC245F6A,2023-06-30,16:48:21,28.2,100.0,6.0,24.7457187,121.0847249
08BEAC245C7A,2023-06-30,16:48:57,28.7,100.0,8.0,24.649751,120.9531952
08BEAC245F3C,2023-06-30,16:49:42,29.0,100.0,31.0,24.639860153198,121.83334350585
08BEAC245E02,2023-06-30,16:49:45,30.2,88.0,4.0,24.686842,121.798426
08BEAC252838,2023-06-30,16:49:51,26.8,100.0,4.0,23.819479,121.473126
08BEAC252AE2,2023-06-30,16:50:05,24.3,100.0,1.0,24.4373287,121.3807443
08BEAC245D64,2023-06-30,16:50:09,29.1,99.0,3.0,24.62168,121.834905
08BEAC245F4A,2023-06-30,16:50:17,28.8,100.0,2.0,24.5968,121.841078
08BEAC2528CE,2023-06-30,16:50:26,29.1,100.0,4.0,24.7530748,121.7550418
08BEAC245DA6,2023-06-30,16:50:27,29.0,100.0,1.0,23.4844262,120.4874326
08BEAC252862,2023-06-30,16:50:29,27.7,100.0,4.0,24.780019,121.180754
08BEAC252820,2023-06-30,16:50:32,31.5,100.0,4.0,24.830241,121.0067357
08BEAC245CF6,2023-06-30,16:50:45,28.7,100.0,6.0,23.468906434845,120.46094857156
08BEAC245ED4,2023-06-30,16:51:01,28.6,100.0,3.0,24.61402,121.853386
08BEAC252C20,2023-06-30,16:51:32,27.0,100.0,3.0,24.574514,121.47802
08BEAC252BA0,2023-06-30,16:52:26,29.2,100.0,6.0,24.6752335,121.0590723
08BEAC245B1C,2023-06-30,16:52:30,29.5,100.0,6.0,24.602338,120.77856
08BEAC245C4E,2023-06-30,16:52:41,26.6,100.0,7.0,24.374115,120.8436439
08BEAC252B9A,2023-06-30,16:52:45,24.2,100.0,3.0,24.6250013,121.1482569
08BEAC25291A,2023-06-30,16:53:09,30.7,100.0,4.0,24.9027334,120.9912667
08BEAC245F6A,2023-06-30,16:53:39,28.2,100.0,5.0,24.7457187,121.0847249
08BEAC245C7A,2023-06-30,16:54:17,28.7,100.0,8.0,24.649751,120.9531952
08BEAC245F3C,2023-06-30,16:54:58,29.0,100.0,12.0,24.639860153198,121.83334350585
08BEAC245E02,2023-06-30,16:54:59,30.1,88.0,3.0,24.686842,121.798426
08BEAC252838,2023-06-30,16:55:09,26.8,100.0,3.0,23.819479,121.473126
08BEAC245D64,2023-06-30,16:55:25,29.1,99.0,3.0,24.62168,121.834905
08BEAC252AE2,2023-06-30,16:55:28,24.3,100.0,1.0,24.4373287,121.3807443
08BEAC245F4A,2023-06-30,16:55:36,28.8,100.0,2.0,24.5968,121.841078
08BEAC2528CE,2023-06-30,16:55:40,29.0,100.0,4.0,24.7530748,121.7550418
08BEAC245DA6,2023-06-30,16:55:41,29.0,100.0,1.0,23.4844262,120.4874326
08BEAC252862,2023-06-30,16:55:43,27.8,100.0,6.0,24.780019,121.180754
08BEAC252820,2023-06-30,16:55:48,31.5,100.0,5.0,24.830241,121.0067357
08BEAC245CF6,2023-06-30,16:56:02,28.7,100.0,5.0,23.468906434845,120.46094857156
08BEAC245ED4,2023-06-30,16:56:22,28.6,100.0,3.0,24.61402,121.853386
08BEAC252C20,2023-06-30,16:56:47,27.0,100.0,3.0,24.574514,121.47802
08BEAC252BA0,2023-06-30,16:57:42,29.2,100.0,6.0,24.6752335,121.0590723
08BEAC245B1C,2023-06-30,16:57:47,29.5,100.0,6.0,24.602338,120.77856
08BEAC245C4E,2023-06-30,16:58:00,26.6,100.0,8.0,24.374115,120.8436439
08BEAC252B9A,2023-06-30,16:58:02,24.2,100.0,3.0,24.6250013,121.1482569
08BEAC25291A,2023-06-30,16:58:28,30.7,100.0,4.0,24.9027334,120.9912667
08BEAC245F6A,2023-06-30,16:58:56,28.2,100.0,6.0,24.7457187,121.0847249
08BEAC245C7A,2023-06-30,16:59:32,28.7,100.0,8.0,24.649751,120.9531952
08BEAC245E02,2023-06-30,17:00:13,30.1,88.0,3.0,24.686842,121.798426
08BEAC245F3C,2023-06-30,17:00:20,28.8,100.0,6.0,24.639860153198,121.83334350585
08BEAC252838,2023-06-30,17:00:24,26.7,100.0,2.0,23.819479,121.473126
08BEAC245D64,2023-06-30,17:00:39,29.1,99.0,3.0,24.62168,121.834905
08BEAC252AE2,2023-06-30,17:00:42,24.3,100.0,1.0,24.4373287,121.3807443
08BEAC245F4A,2023-06-30,17:00:51,28.8,100.0,2.0,24.5968,121.841078
08BEAC245DA6,2023-06-30,17:00:58,29.0,100.0,1.0,23.4844262,120.4874326
08BEAC2528CE,2023-06-30,17:00:58,29.1,100.0,3.0,24.7530748,121.7550418
08BEAC252862,2023-06-30,17:00:59,27.8,100.0,5.0,24.780019,121.180754
08BEAC252820,2023-06-30,17:01:03,31.2,100.0,6.0,24.830241,121.0067357
08BEAC245CF6,2023-06-30,17:01:17,28.7,100.0,4.0,23.468906434845,120.46094857156
08BEAC245ED4,2023-06-30,17:01:36,28.6,100.0,3.0,24.61402,121.853386
08BEAC252C20,2023-06-30,17:02:02,27.0,100.0,3.0,24.574514,121.47802
08BEAC252BA0,2023-06-30,17:02:58,29.2,100.0,6.0,24.6752335,121.0590723
08BEAC245B1C,2023-06-30,17:03:03,29.3,100.0,6.0,24.602338,120.77856
08BEAC245C4E,2023-06-30,17:03:15,26.6,100.0,8.0,24.374115,120.8436439
08BEAC252B9A,2023-06-30,17:03:15,24.2,100.0,3.0,24.6250013,121.1482569
08BEAC25291A,2023-06-30,17:03:42,30.8,100.0,4.0,24.9027334,120.9912667
08BEAC245F6A,2023-06-30,17:04:10,28.2,100.0,6.0,24.7457187,121.0847249
08BEAC245C7A,2023-06-30,17:04:47,28.7,100.0,8.0,24.649751,120.9531952
08BEAC245E02,2023-06-30,17:05:27,30.2,88.0,3.0,24.686842,121.798426
08BEAC245F3C,2023-06-30,17:05:37,29.0,100.0,6.0,24.639860153198,121.83334350585
08BEAC252838,2023-06-30,17:05:41,26.7,100.0,2.0,23.819479,121.473126
08BEAC245D64,2023-06-30,17:05:54,29.1,99.0,4.0,24.62168,121.834905
08BEAC252AE2,2023-06-30,17:05:57,24.5,100.0,1.0,24.4373287,121.3807443
08BEAC245F4A,2023-06-30,17:06:06,28.8,100.0,2.0,24.5968,121.841078
08BEAC245DA6,2023-06-30,17:06:12,29.0,100.0,2.0,23.4844262,120.4874326
08BEAC252862,2023-06-30,17:06:17,27.8,100.0,5.0,24.780019,121.180754
08BEAC2528CE,2023-06-30,17:06:17,29.0,100.0,3.0,24.7530748,121.7550418
08BEAC252820,2023-06-30,17:06:19,31.2,100.0,5.0,24.830241,121.0067357
08BEAC245CF6,2023-06-30,17:06:31,28.7,100.0,4.0,23.468906434845,120.46094857156
08BEAC245ED4,2023-06-30,17:06:52,28.7,100.0,2.0,24.61402,121.853386
08BEAC252C20,2023-06-30,17:07:19,26.8,100.0,3.0,24.574514,121.47802
08BEAC252BA0,2023-06-30,17:08:11,29.2,100.0,5.0,24.6752335,121.0590723
08BEAC245B1C,2023-06-30,17:08:18,29.3,100.0,6.0,24.602338,120.77856
08BEAC252B9A,2023-06-30,17:08:30,24.2,100.0,4.0,24.6250013,121.1482569
08BEAC245C4E,2023-06-30,17:08:31,26.6,100.0,7.0,24.374115,120.8436439
08BEAC25291A,2023-06-30,17:08:58,30.8,100.0,5.0,24.9027334,120.9912667
08BEAC245F6A,2023-06-30,17:09:24,28.2,100.0,6.0,24.7457187,121.0847249
08BEAC245C7A,2023-06-30,17:10:03,28.6,100.0,8.0,24.649751,120.9531952
08BEAC245E02,2023-06-30,17:10:41,30.2,88.0,3.0,24.686842,121.798426
08BEAC245F3C,2023-06-30,17:10:53,29.0,100.0,9.0,24.639860153198,121.83334350585
08BEAC252838,2023-06-30,17:10:55,26.8,100.0,2.0,23.819479,121.473126
08BEAC245D64,2023-06-30,17:11:08,29.1,99.0,3.0,24.62168,121.834905
08BEAC252AE2,2023-06-30,17:11:12,24.3,100.0,1.0,24.4373287,121.3807443
08BEAC245F4A,2023-06-30,17:11:19,28.8,100.0,1.0,24.5968,121.841078
08BEAC245DA6,2023-06-30,17:11:26,29.0,100.0,3.0,23.4844262,120.4874326
08BEAC252862,2023-06-30,17:11:32,27.8,100.0,4.0,24.780019,121.180754
08BEAC2528CE,2023-06-30,17:11:33,29.1,100.0,3.0,24.7530748,121.7550418
08BEAC252820,2023-06-30,17:11:35,31.2,100.0,5.0,24.830241,121.0067357
08BEAC245CF6,2023-06-30,17:11:47,28.7,100.0,4.0,23.468906434845,120.46094857156
08BEAC245ED4,2023-06-30,17:12:07,28.7,100.0,2.0,24.61402,121.853386
08BEAC252C20,2023-06-30,17:12:35,26.7,100.0,3.0,24.574514,121.47802
08BEAC252BA0,2023-06-30,17:13:27,29.2,100.0,6.0,24.6752335,121.0590723
08BEAC245B1C,2023-06-30,17:13:33,29.3,100.0,6.0,24.602338,120.77856
08BEAC245C4E,2023-06-30,17:13:45,26.6,100.0,8.0,24.374115,120.8436439
08BEAC252B9A,2023-06-30,17:13:45,24.2,100.0,4.0,24.6250013,121.1482569
08BEAC25291A,2023-06-30,17:14:12,30.8,100.0,5.0,24.9027334,120.9912667
08BEAC245F6A,2023-06-30,17:14:39,28.2,100.0,6.0,24.7457187,121.0847249
08BEAC245C7A,2023-06-30,17:15:19,28.6,100.0,8.0,24.649751,120.9531952
08BEAC245E02,2023-06-30,17:15:56,30.1,88.0,4.0,24.686842,121.798426
08BEAC245F3C,2023-06-30,17:16:07,28.8,100.0,6.0,24.639860153198,121.83334350585
08BEAC252838,2023-06-30,17:16:10,26.8,100.0,2.0,23.819479,121.473126
08BEAC245D64,2023-06-30,17:16:22,29.2,98.0,3.0,24.62168,121.834905
08BEAC252AE2,2023-06-30,17:16:29,24.3,100.0,1.0,24.4373287,121.3807443
08BEAC245F4A,2023-06-30,17:16:35,28.8,100.0,1.0,24.5968,121.841078
08BEAC245DA6,2023-06-30,17:16:42,28.8,100.0,2.0,23.4844262,120.4874326
08BEAC252862,2023-06-30,17:16:46,27.7,100.0,4.0,24.780019,121.180754
08BEAC252820,2023-06-30,17:16:50,31.2,100.0,5.0,24.830241,121.0067357
08BEAC2528CE,2023-06-30,17:16:51,29.2,100.0,4.0,24.7530748,121.7550418
08BEAC245ED4,2023-06-30,17:17:23,28.7,100.0,2.0,24.61402,121.853386
08BEAC252C20,2023-06-30,17:17:51,26.7,100.0,3.0,24.574514,121.47802
08BEAC252BA0,2023-06-30,17:18:43,29.3,100.0,5.0,24.6752335,121.0590723
08BEAC245B1C,2023-06-30,17:18:49,29.5,100.0,6.0,24.602338,120.77856
08BEAC252B9A,2023-06-30,17:18:59,24.1,100.0,3.0,24.6250013,121.1482569
08BEAC245C4E,2023-06-30,17:19:01,26.6,100.0,8.0,24.374115,120.8436439
08BEAC25291A,2023-06-30,17:19:28,30.8,100.0,5.0,24.9027334,120.9912667
08BEAC245F6A,2023-06-30,17:19:54,28.3,100.0,6.0,24.7457187,121.0847249
08BEAC245C7A,2023-06-30,17:20:34,28.5,100.0,8.0,24.649751,120.9531952
08BEAC245E02,2023-06-30,17:21:11,30.0,88.0,4.0,24.686842,121.798426
08BEAC245F3C,2023-06-30,17:21:23,28.7,100.0,4.0,24.639860153198,121.83334350585
08BEAC252838,2023-06-30,17:21:26,27.1,100.0,2.0,23.819479,121.473126
08BEAC245D64,2023-06-30,17:21:36,29.1,98.0,4.0,24.62168,121.834905
08BEAC252AE2,2023-06-30,17:21:43,24.3,100.0,1.0,24.4373287,121.3807443
08BEAC245F4A,2023-06-30,17:21:51,28.7,100.0,1.0,24.5968,121.841078
08BEAC245DA6,2023-06-30,17:21:58,28.8,100.0,2.0,23.4844262,120.4874326
08BEAC252862,2023-06-30,17:22:01,27.7,100.0,4.0,24.780019,121.180754
08BEAC252820,2023-06-30,17:22:06,31.1,100.0,5.0,24.830241,121.0067357
08BEAC2528CE,2023-06-30,17:22:09,29.2,100.0,3.0,24.7530748,121.7550418
08BEAC245CF6,2023-06-30,17:22:11,28.7,100.0,4.0,23.468906434845,120.46094857156
08BEAC245ED4,2023-06-30,17:22:37,28.7,100.0,3.0,24.61402,121.853386
08BEAC252C20,2023-06-30,17:23:07,26.6,100.0,3.0,24.574514,121.47802
08BEAC252BA0,2023-06-30,17:23:57,29.2,100.0,6.0,24.6752335,121.0590723
08BEAC245B1C,2023-06-30,17:24:05,29.3,100.0,6.0,24.602338,120.77856
08BEAC252B9A,2023-06-30,17:24:14,24.2,100.0,3.0,24.6250013,121.1482569
08BEAC245C4E,2023-06-30,17:24:17,26.5,100.0,8.0,24.374115,120.8436439
08BEAC25291A,2023-06-30,17:24:43,30.8,100.0,5.0,24.9027334,120.9912667
08BEAC245F6A,2023-06-30,17:25:10,28.2,100.0,6.0,24.7457187,121.0847249
08BEAC245C7A,2023-06-30,17:25:49,28.5,100.0,8.0,24.649751,120.9531952
08BEAC245E02,2023-06-30,17:26:27,29.8,89.0,4.0,24.686842,121.798426
08BEAC245F3C,2023-06-30,17:26:40,28.7,100.0,4.0,24.639860153198,121.83334350585
08BEAC252838,2023-06-30,17:26:42,27.0,100.0,2.0,23.819479,121.473126
08BEAC245D64,2023-06-30,17:26:50,29.1,97.0,4.0,24.62168,121.834905
08BEAC252AE2,2023-06-30,17:26:57,24.5,100.0,1.0,24.4373287,121.3807443
08BEAC245DA6,2023-06-30,17:27:14,28.8,100.0,2.0,23.4844262,120.4874326
08BEAC252862,2023-06-30,17:27:16,27.7,100.0,4.0,24.780019,121.180754
08BEAC252820,2023-06-30,17:27:22,31.2,100.0,5.0,24.830241,121.0067357
08BEAC2528CE,2023-06-30,17:27:23,29.3,100.0,4.0,24.7530748,121.7550418
08BEAC245CF6,2023-06-30,17:27:27,28.7,100.0,4.0,23.468906434845,120.46094857156
08BEAC245ED4,2023-06-30,17:27:52,28.7,100.0,2.0,24.61402,121.853386
08BEAC252C20,2023-06-30,17:28:21,26.6,100.0,3.0,24.574514,121.47802
08BEAC252BA0,2023-06-30,17:29:14,29.1,100.0,6.0,24.6752335,121.0590723
08BEAC245B1C,2023-06-30,17:29:21,29.3,100.0,6.0,24.602338,120.77856
08BEAC252B9A,2023-06-30,17:29:29,24.2,100.0,3.0,24.6250013,121.1482569
08BEAC245C4E,2023-06-30,17:29:32,26.5,100.0,8.0,24.374115,120.8436439
08BEAC25291A,2023-06-30,17:30:00,30.7,100.0,6.0,24.9027334,120.9912667
08BEAC245F6A,2023-06-30,17:30:24,28.2,100.0,7.0,24.7457187,121.0847249
08BEAC245C7A,2023-06-30,17:31:04,28.5,100.0,8.0,24.649751,120.9531952
08BEAC245E02,2023-06-30,17:31:42,29.6,89.0,4.0,24.686842,121.798426
08BEAC245F3C,2023-06-30,17:31:54,28.6,100.0,3.0,24.639860153198,121.83334350585
08BEAC252838,2023-06-30,17:31:58,27.0,100.0,1.0,23.819479,121.473126
08BEAC245D64,2023-06-30,17:32:06,29.1,96.0,2.0,24.62168,121.834905
08BEAC252AE2,2023-06-30,17:32:12,24.5,100.0,1.0,24.4373287,121.3807443
08BEAC245F4A,2023-06-30,17:32:18,28.7,100.0,1.0,24.5968,121.841078
08BEAC245DA6,2023-06-30,17:32:28,29.0,100.0,2.0,23.4844262,120.4874326
08BEAC252862,2023-06-30,17:32:32,27.8,100.0,4.0,24.780019,121.180754
08BEAC252820,2023-06-30,17:32:39,31.2,100.0,5.0,24.830241,121.0067357
08BEAC2528CE,2023-06-30,17:32:39,29.3,100.0,4.0,24.7530748,121.7550418
08BEAC245CF6,2023-06-30,17:32:43,28.7,100.0,4.0,23.468906434845,120.46094857156
08BEAC245ED4,2023-06-30,17:33:07,28.7,100.0,2.0,24.61402,121.853386
08BEAC252C20,2023-06-30,17:33:38,26.5,100.0,3.0,24.574514,121.47802
08BEAC252BA0,2023-06-30,17:34:30,29.1,100.0,6.0,24.6752335,121.0590723
08BEAC245B1C,2023-06-30,17:34:36,29.2,100.0,6.0,24.602338,120.77856
08BEAC252B9A,2023-06-30,17:34:43,24.2,100.0,3.0,24.6250013,121.1482569
08BEAC245C4E,2023-06-30,17:34:49,26.6,100.0,8.0,24.374115,120.8436439
08BEAC25291A,2023-06-30,17:35:15,30.7,100.0,6.0,24.9027334,120.9912667
08BEAC245F6A,2023-06-30,17:35:38,28.2,100.0,7.0,24.7457187,121.0847249
08BEAC245C7A,2023-06-30,17:36:20,28.5,100.0,10.0,24.649751,120.9531952
08BEAC245E02,2023-06-30,17:36:56,29.6,90.0,3.0,24.686842,121.798426
08BEAC245F3C,2023-06-30,17:37:09,28.6,100.0,3.0,24.639860153198,121.83334350585
08BEAC252838,2023-06-30,17:37:14,27.1,100.0,1.0,23.819479,121.473126
08BEAC245D64,2023-06-30,17:37:19,29.1,97.0,2.0,24.62168,121.834905
08BEAC252AE2,2023-06-30,17:37:27,24.5,100.0,1.0,24.4373287,121.3807443
08BEAC245F4A,2023-06-30,17:37:31,28.7,100.0,2.0,24.5968,121.841078
08BEAC245DA6,2023-06-30,17:37:42,29.0,100.0,2.0,23.4844262,120.4874326
08BEAC252862,2023-06-30,17:37:48,27.8,100.0,5.0,24.780019,121.180754
08BEAC252820,2023-06-30,17:37:53,31.2,100.0,5.0,24.830241,121.0067357
08BEAC245CF6,2023-06-30,17:38:01,28.7,100.0,3.0,23.468906434845,120.46094857156
08BEAC2528CE,2023-06-30,17:38:07,29.3,100.0,3.0,24.7530748,121.7550418
08BEAC245ED4,2023-06-30,17:38:21,28.6,100.0,2.0,24.61402,121.853386
08BEAC252C20,2023-06-30,17:38:52,26.3,100.0,3.0,24.574514,121.47802
08BEAC252BA0,2023-06-30,17:39:45,29.1,100.0,5.0,24.6752335,121.0590723
08BEAC245B1C,2023-06-30,17:39:51,29.5,100.0,6.0,24.602338,120.77856
08BEAC252B9A,2023-06-30,17:39:59,24.2,100.0,3.0,24.6250013,121.1482569
08BEAC245C4E,2023-06-30,17:40:08,26.6,100.0,8.0,24.374115,120.8436439
08BEAC25291A,2023-06-30,17:40:29,30.7,100.0,7.0,24.9027334,120.9912667
08BEAC245F6A,2023-06-30,17:40:53,28.1,100.0,7.0,24.7457187,121.0847249
08BEAC245C7A,2023-06-30,17:41:36,28.5,100.0,10.0,24.649751,120.9531952
08BEAC245E02,2023-06-30,17:42:11,29.6,90.0,4.0,24.686842,121.798426
08BEAC245F3C,2023-06-30,17:42:26,28.7,100.0,3.0,24.639860153198,121.83334350585
08BEAC252838,2023-06-30,17:42:30,27.1,100.0,2.0,23.819479,121.473126
08BEAC245D64,2023-06-30,17:42:33,29.1,97.0,3.0,24.62168,121.834905
08BEAC252AE2,2023-06-30,17:42:42,24.5,100.0,1.0,24.4373287,121.3807443
08BEAC245F4A,2023-06-30,17:42:48,28.7,100.0,3.0,24.5968,121.841078
08BEAC245DA6,2023-06-30,17:42:57,29.0,100.0,2.0,23.4844262,120.4874326
08BEAC252862,2023-06-30,17:43:03,27.8,100.0,5.0,24.780019,121.180754
08BEAC252820,2023-06-30,17:43:09,31.2,100.0,5.0,24.830241,121.0067357
08BEAC245CF6,2023-06-30,17:43:18,28.6,100.0,3.0,23.468906434845,120.46094857156
08BEAC2528CE,2023-06-30,17:43:22,29.3,100.0,3.0,24.7530748,121.7550418
08BEAC245ED4,2023-06-30,17:43:37,28.6,100.0,3.0,24.61402,121.853386
08BEAC252C20,2023-06-30,17:44:09,26.3,100.0,3.0,24.574514,121.47802
08BEAC252BA0,2023-06-30,17:45:01,29.0,100.0,5.0,24.6752335,121.0590723
08BEAC245B1C,2023-06-30,17:45:06,29.3,100.0,6.0,24.602338,120.77856
08BEAC252B9A,2023-06-30,17:45:12,24.2,100.0,3.0,24.6250013,121.1482569
08BEAC245C4E,2023-06-30,17:45:23,26.6,100.0,7.0,24.374115,120.8436439
08BEAC25291A,2023-06-30,17:45:43,30.5,100.0,7.0,24.9027334,120.9912667
08BEAC245F6A,2023-06-30,17:46:07,28.1,100.0,6.0,24.7457187,121.0847249
08BEAC245C7A,2023-06-30,17:46:50,28.5,100.0,10.0,24.649751,120.9531952
08BEAC245E02,2023-06-30,17:47:26,29.6,90.0,4.0,24.686842,121.798426
08BEAC252838,2023-06-30,17:47:45,27.1,100.0,1.0,23.819479,121.473126
08BEAC245D64,2023-06-30,17:47:50,29.1,97.0,4.0,24.62168,121.834905
08BEAC252AE2,2023-06-30,17:47:57,24.5,100.0,1.0,24.4373287,121.3807443
08BEAC245F4A,2023-06-30,17:48:03,28.7,100.0,3.0,24.5968,121.841078
08BEAC245DA6,2023-06-30,17:48:14,29.0,100.0,1.0,23.4844262,120.4874326
08BEAC252862,2023-06-30,17:48:19,27.7,100.0,4.0,24.780019,121.180754
08BEAC252820,2023-06-30,17:48:25,31.2,100.0,6.0,24.830241,121.0067357
08BEAC245CF6,2023-06-30,17:48:34,28.7,100.0,3.0,23.468906434845,120.46094857156
08BEAC2528CE,2023-06-30,17:48:39,29.3,100.0,3.0,24.7530748,121.7550418
08BEAC245ED4,2023-06-30,17:48:54,28.5,100.0,3.0,24.61402,121.853386
08BEAC252C20,2023-06-30,17:49:23,26.1,100.0,3.0,24.574514,121.47802
08BEAC252BA0,2023-06-30,17:50:17,29.1,100.0,6.0,24.6752335,121.0590723
08BEAC245B1C,2023-06-30,17:50:21,29.3,100.0,6.0,24.602338,120.77856
08BEAC252B9A,2023-06-30,17:50:27,24.3,100.0,3.0,24.6250013,121.1482569
08BEAC245C4E,2023-06-30,17:50:39,26.5,100.0,8.0,24.374115,120.8436439
08BEAC25291A,2023-06-30,17:50:58,30.3,100.0,6.0,24.9027334,120.9912667
08BEAC245F6A,2023-06-30,17:51:21,28.1,100.0,7.0,24.7457187,121.0847249
08BEAC245C7A,2023-06-30,17:52:06,28.5,100.0,10.0,24.649751,120.9531952
08BEAC245E02,2023-06-30,17:52:40,29.5,90.0,4.0,24.686842,121.798426
08BEAC245F3C,2023-06-30,17:52:53,28.7,100.0,3.0,24.639860153198,121.83334350585
08BEAC252838,2023-06-30,17:53:01,27.1,100.0,2.0,23.819479,121.473126
08BEAC245D64,2023-06-30,17:53:04,29.2,97.0,4.0,24.62168,121.834905
08BEAC252AE2,2023-06-30,17:53:13,24.5,100.0,1.0,24.4373287,121.3807443
08BEAC245F4A,2023-06-30,17:53:17,28.8,100.0,3.0,24.5968,121.841078
08BEAC245DA6,2023-06-30,17:53:30,28.8,100.0,1.0,23.4844262,120.4874326
08BEAC252862,2023-06-30,17:53:32,27.7,100.0,4.0,24.780019,121.180754
08BEAC252820,2023-06-30,17:53:41,31.2,100.0,7.0,24.830241,121.0067357
08BEAC245CF6,2023-06-30,17:53:48,28.6,100.0,4.0,23.468906434845,120.46094857156
08BEAC245ED4,2023-06-30,17:54:09,28.5,100.0,3.0,24.61402,121.853386
08BEAC2528CE,2023-06-30,17:54:20,29.3,100.0,3.0,24.7530748,121.7550418
08BEAC252C20,2023-06-30,17:54:39,26.2,100.0,3.0,24.574514,121.47802
08BEAC252BA0,2023-06-30,17:55:33,29.0,100.0,5.0,24.6752335,121.0590723
08BEAC245B1C,2023-06-30,17:55:35,29.3,100.0,6.0,24.602338,120.77856
08BEAC252B9A,2023-06-30,17:55:41,24.3,100.0,5.0,24.6250013,121.1482569
08BEAC245C4E,2023-06-30,17:55:55,26.3,100.0,8.0,24.374115,120.8436439
08BEAC25291A,2023-06-30,17:56:11,30.3,100.0,6.0,24.9027334,120.9912667
08BEAC245F6A,2023-06-30,17:56:37,28.2,100.0,6.0,24.7457187,121.0847249
08BEAC245C7A,2023-06-30,17:57:21,28.6,100.0,10.0,24.649751,120.9531952
08BEAC245E02,2023-06-30,17:57:54,29.6,90.0,4.0,24.686842,121.798426
08BEAC245F3C,2023-06-30,17:58:09,28.7,100.0,3.0,24.639860153198,121.83334350585
08BEAC252838,2023-06-30,17:58:16,27.0,100.0,1.0,23.819479,121.473126
08BEAC245D64,2023-06-30,17:58:20,29.1,97.0,3.0,24.62168,121.834905
08BEAC252AE2,2023-06-30,17:58:27,24.5,100.0,1.0,24.4373287,121.3807443
08BEAC245F4A,2023-06-30,17:58:31,28.8,100.0,4.0,24.5968,121.841078
08BEAC245DA6,2023-06-30,17:58:47,28.8,100.0,1.0,23.4844262,120.4874326
08BEAC252862,2023-06-30,17:58:47,27.8,100.0,4.0,24.780019,121.180754
08BEAC252820,2023-06-30,17:58:57,31.3,100.0,7.0,24.830241,121.0067357
08BEAC245CF6,2023-06-30,17:59:06,28.5,100.0,3.0,23.468906434845,120.46094857156
08BEAC245ED4,2023-06-30,17:59:23,28.3,100.0,3.0,24.61402,121.853386
08BEAC2528CE,2023-06-30,17:59:36,29.5,100.0,3.0,24.7530748,121.7550418
08BEAC252C20,2023-06-30,17:59:55,26.3,100.0,3.0,24.574514,121.47802
08BEAC252BA0,2023-06-30,18:00:49,28.8,100.0,5.0,24.6752335,121.0590723
08BEAC245B1C,2023-06-30,18:00:50,29.5,100.0,6.0,24.602338,120.77856
08BEAC252B9A,2023-06-30,18:00:55,24.3,100.0,6.0,24.6250013,121.1482569
08BEAC245C4E,2023-06-30,18:01:11,26.3,100.0,8.0,24.374115,120.8436439
08BEAC25291A,2023-06-30,18:01:27,30.5,100.0,7.0,24.9027334,120.9912667
08BEAC245F6A,2023-06-30,18:01:53,28.2,100.0,6.0,24.7457187,121.0847249
08BEAC245C7A,2023-06-30,18:02:35,28.6,100.0,9.0,24.649751,120.9531952
08BEAC245E02,2023-06-30,18:03:08,29.7,89.0,3.0,24.686842,121.798426
08BEAC245F3C,2023-06-30,18:03:27,28.7,100.0,3.0,24.639860153198,121.83334350585
08BEAC252838,2023-06-30,18:03:31,27.0,100.0,2.0,23.819479,121.473126
08BEAC245D64,2023-06-30,18:03:33,29.1,96.0,2.0,24.62168,121.834905
08BEAC252AE2,2023-06-30,18:03:41,24.3,100.0,1.0,24.4373287,121.3807443
08BEAC245F4A,2023-06-30,18:03:45,29.0,100.0,4.0,24.5968,121.841078
08BEAC252862,2023-06-30,18:04:02,27.7,100.0,4.0,24.780019,121.180754
08BEAC245DA6,2023-06-30,18:04:04,28.8,100.0,2.0,23.4844262,120.4874326
08BEAC252820,2023-06-30,18:04:12,31.2,100.0,8.0,24.830241,121.0067357
08BEAC245CF6,2023-06-30,18:04:21,28.5,100.0,3.0,23.468906434845,120.46094857156
08BEAC245ED4,2023-06-30,18:04:41,28.3,100.0,3.0,24.61402,121.853386
08BEAC2528CE,2023-06-30,18:04:55,29.3,100.0,3.0,24.7530748,121.7550418
08BEAC252C20,2023-06-30,18:06:10,26.3,100.0,3.0,24.574514,121.47802
08BEAC252BA0,2023-06-30,18:07:02,28.8,100.0,6.0,24.6752335,121.0590723
08BEAC245B1C,2023-06-30,18:07:05,29.3,100.0,6.0,24.602338,120.77856
08BEAC252B9A,2023-06-30,18:07:08,24.5,100.0,8.0,24.6250013,121.1482569
08BEAC245C4E,2023-06-30,18:07:26,26.2,100.0,8.0,24.374115,120.8436439
08BEAC25291A,2023-06-30,18:07:39,30.5,100.0,8.0,24.9027334,120.9912667
08BEAC2529F6,2023-06-30,18:07:46,30.0,100.0,6.0,24.905624636868,121.04758657515
08BEAC245E0E,2023-06-30,18:07:54,29.8,100.0,6.0,24.926586,121.018743
08BEAC245F6A,2023-06-30,18:08:07,28.1,100.0,6.0,24.7457187,121.0847249
08BEAC245C7A,2023-06-30,18:08:48,28.7,100.0,8.0,24.649751,120.9531952
08BEAC245E02,2023-06-30,18:09:20,29.6,89.0,4.0,24.686842,121.798426
08BEAC245F3C,2023-06-30,18:09:42,28.8,100.0,6.0,24.639860153198,121.83334350585
08BEAC252838,2023-06-30,18:09:45,26.8,100.0,2.0,23.819479,121.473126
08BEAC245D64,2023-06-30,18:09:46,29.1,96.0,2.0,24.62168,121.834905
08BEAC252AE2,2023-06-30,18:09:47,24.3,100.0,1.0,24.4373287,121.3807443
08BEAC245F4A,2023-06-30,18:09:58,29.0,100.0,4.0,24.5968,121.841078
08BEAC252862,2023-06-30,18:10:16,27.8,100.0,4.0,24.780019,121.180754
08BEAC245CF6,2023-06-30,18:10:24,28.5,100.0,4.0,23.468906434845,120.46094857156
08BEAC252820,2023-06-30,18:10:24,31.2,100.0,8.0,24.830241,121.0067357
08BEAC252936,2023-06-30,18:10:25,26.5,100.0,0.0,24.7052738,121.183567
08BEAC245ED4,2023-06-30,18:10:53,28.3,100.0,4.0,24.61402,121.853386
08BEAC2528CE,2023-06-30,18:11:09,29.2,100.0,4.0,24.7530748,121.7550418
08BEAC252C20,2023-06-30,18:11:23,26.3,100.0,3.0,24.574514,121.47802
08BEAC252BA0,2023-06-30,18:12:16,28.8,100.0,5.0,24.6752335,121.0590723
08BEAC245B1C,2023-06-30,18:12:23,29.2,100.0,6.0,24.602338,120.77856
08BEAC252B9A,2023-06-30,18:12:24,24.5,100.0,8.0,24.6250013,121.1482569
08BEAC245C4E,2023-06-30,18:12:41,26.3,100.0,8.0,24.374115,120.8436439
08BEAC25291A,2023-06-30,18:12:56,30.6,100.0,7.0,24.9027334,120.9912667
08BEAC2529F6,2023-06-30,18:13:04,30.1,100.0,7.0,24.905624636868,121.04758657515
08BEAC245E0E,2023-06-30,18:13:09,30.0,100.0,6.0,24.926586,121.018743
08BEAC245F6A,2023-06-30,18:13:21,28.0,100.0,6.0,24.7457187,121.0847249
08BEAC245C7A,2023-06-30,18:14:02,28.7,100.0,8.0,24.649751,120.9531952
08BEAC245E02,2023-06-30,18:14:33,29.6,89.0,3.0,24.686842,121.798426
08BEAC245F3C,2023-06-30,18:14:57,28.7,100.0,13.0,24.639860153198,121.83334350585
08BEAC245D64,2023-06-30,18:15:01,29.0,96.0,2.0,24.62168,121.834905
08BEAC252AE2,2023-06-30,18:15:01,24.3,100.0,1.0,24.4373287,121.3807443
08BEAC245F4A,2023-06-30,18:15:13,29.0,100.0,4.0,24.5968,121.841078
08BEAC245DA6,2023-06-30,18:15:26,28.8,100.0,2.0,23.4844262,120.4874326
08BEAC252862,2023-06-30,18:15:31,27.8,100.0,4.0,24.780019,121.180754
08BEAC245CF6,2023-06-30,18:15:39,28.5,100.0,4.0,23.468906434845,120.46094857156
08BEAC252820,2023-06-30,18:15:39,31.2,100.0,8.0,24.830241,121.0067357
08BEAC252936,2023-06-30,18:15:39,26.6,100.0,0.0,24.7052738,121.183567
08BEAC245ED4,2023-06-30,18:16:09,28.5,100.0,4.0,24.61402,121.853386
08BEAC2528CE,2023-06-30,18:16:24,29.2,100.0,4.0,24.7530748,121.7550418
08BEAC252C20,2023-06-30,18:16:38,26.3,100.0,3.0,24.574514,121.47802
08BEAC252BA0,2023-06-30,18:17:32,28.8,100.0,5.0,24.6752335,121.0590723
08BEAC245B1C,2023-06-30,18:17:38,29.1,100.0,6.0,24.602338,120.77856
08BEAC252B9A,2023-06-30,18:17:40,24.5,100.0,8.0,24.6250013,121.1482569
08BEAC245C4E,2023-06-30,18:17:58,26.5,100.0,7.0,24.374115,120.8436439
08BEAC25291A,2023-06-30,18:18:11,30.7,100.0,7.0,24.9027334,120.9912667
08BEAC245F6A,2023-06-30,18:18:35,28.0,100.0,6.0,24.7457187,121.0847249
08BEAC2529F6,2023-06-30,18:18:41,30.2,100.0,6.0,24.905624636868,121.04758657515
08BEAC245E0E,2023-06-30,18:18:43,29.7,100.0,7.0,24.926586,121.018743
08BEAC245C7A,2023-06-30,18:19:16,28.7,100.0,8.0,24.649751,120.9531952
08BEAC245E02,2023-06-30,18:19:48,29.7,89.0,3.0,24.686842,121.798426
08BEAC245F3C,2023-06-30,18:20:12,28.7,100.0,17.0,24.639860153198,121.83334350585
08BEAC252838,2023-06-30,18:20:13,27.0,100.0,2.0,23.819479,121.473126
08BEAC252AE2,2023-06-30,18:20:17,24.3,100.0,1.0,24.4373287,121.3807443
08BEAC245D64,2023-06-30,18:20:20,29.1,97.0,2.0,24.62168,121.834905
08BEAC245F4A,2023-06-30,18:20:29,29.0,100.0,4.0,24.5968,121.841078
08BEAC245DA6,2023-06-30,18:20:42,28.8,100.0,2.0,23.4844262,120.4874326
08BEAC252862,2023-06-30,18:20:48,27.7,100.0,4.0,24.780019,121.180754
08BEAC245CF6,2023-06-30,18:20:54,28.5,100.0,4.0,23.468906434845,120.46094857156
08BEAC252820,2023-06-30,18:20:56,31.2,100.0,8.0,24.830241,121.0067357
08BEAC252936,2023-06-30,18:21:08,26.6,100.0,0.0,24.7052738,121.183567
08BEAC245ED4,2023-06-30,18:21:25,28.5,100.0,4.0,24.61402,121.853386
08BEAC2528CE,2023-06-30,18:21:41,29.1,100.0,3.0,24.7530748,121.7550418
08BEAC252C20,2023-06-30,18:21:54,26.3,100.0,2.0,24.574514,121.47802
08BEAC252BA0,2023-06-30,18:22:47,28.8,100.0,5.0,24.6752335,121.0590723
08BEAC245B1C,2023-06-30,18:22:53,29.1,100.0,6.0,24.602338,120.77856
08BEAC252B9A,2023-06-30,18:22:55,24.5,100.0,8.0,24.6250013,121.1482569
08BEAC25291A,2023-06-30,18:23:26,30.8,100.0,7.0,24.9027334,120.9912667
08BEAC245F6A,2023-06-30,18:23:51,27.8,100.0,6.0,24.7457187,121.0847249
08BEAC2529F6,2023-06-30,18:23:55,30.2,100.0,6.0,24.905624636868,121.04758657515
08BEAC245E0E,2023-06-30,18:23:57,29.8,100.0,7.0,24.926586,121.018743
08BEAC245C7A,2023-06-30,18:24:31,28.5,100.0,8.0,24.649751,120.9531952
08BEAC245E02,2023-06-30,18:25:03,29.7,89.0,4.0,24.686842,121.798426
08BEAC245F3C,2023-06-30,18:25:27,28.6,100.0,19.0,24.639860153198,121.83334350585
08BEAC252838,2023-06-30,18:25:27,27.0,100.0,2.0,23.819479,121.473126
08BEAC252AE2,2023-06-30,18:25:32,24.3,100.0,1.0,24.4373287,121.3807443
08BEAC245D64,2023-06-30,18:25:33,29.0,96.0,2.0,24.62168,121.834905
08BEAC245F4A,2023-06-30,18:25:44,29.0,100.0,4.0,24.5968,121.841078
08BEAC245DA6,2023-06-30,18:25:57,28.6,100.0,2.0,23.4844262,120.4874326
08BEAC252862,2023-06-30,18:26:03,27.7,100.0,4.0,24.780019,121.180754
08BEAC245CF6,2023-06-30,18:26:10,28.3,100.0,4.0,23.468906434845,120.46094857156
08BEAC252820,2023-06-30,18:26:11,31.2,100.0,9.0,24.830241,121.0067357
08BEAC252936,2023-06-30,18:26:24,26.6,100.0,0.0,24.7052738,121.183567
08BEAC245ED4,2023-06-30,18:26:40,28.5,100.0,4.0,24.61402,121.853386
08BEAC2528CE,2023-06-30,18:26:57,29.1,100.0,3.0,24.7530748,121.7550418
08BEAC252C20,2023-06-30,18:27:10,26.3,100.0,2.0,24.574514,121.47802
08BEAC252BA0,2023-06-30,18:28:03,28.8,100.0,6.0,24.6752335,121.0590723
08BEAC245B1C,2023-06-30,18:28:07,29.1,100.0,6.0,24.602338,120.77856
08BEAC252B9A,2023-06-30,18:28:11,24.5,100.0,5.0,24.6250013,121.1482569
08BEAC245C4E,2023-06-30,18:28:24,26.5,100.0,7.0,24.374115,120.8436439
08BEAC25291A,2023-06-30,18:28:40,31.0,100.0,7.0,24.9027334,120.9912667
08BEAC245F6A,2023-06-30,18:29:06,27.8,100.0,5.0,24.7457187,121.0847249
08BEAC245E0E,2023-06-30,18:29:34,29.7,100.0,7.0,24.926586,121.018743
08BEAC245C7A,2023-06-30,18:29:46,28.3,100.0,8.0,24.649751,120.9531952
08BEAC245E02,2023-06-30,18:30:18,29.7,88.0,4.0,24.686842,121.798426
08BEAC245F3C,2023-06-30,18:30:42,28.6,100.0,18.0,24.639860153198,121.83334350585
08BEAC252838,2023-06-30,18:30:43,27.0,100.0,2.0,23.819479,121.473126
08BEAC252AE2,2023-06-30,18:30:47,24.2,100.0,1.0,24.4373287,121.3807443
08BEAC245D64,2023-06-30,18:30:51,29.1,95.0,2.0,24.62168,121.834905
08BEAC245F4A,2023-06-30,18:31:01,29.1,100.0,3.0,24.5968,121.841078
08BEAC245DA6,2023-06-30,18:31:13,28.7,100.0,2.0,23.4844262,120.4874326
08BEAC252862,2023-06-30,18:31:17,27.8,100.0,4.0,24.780019,121.180754
08BEAC245CF6,2023-06-30,18:31:26,28.5,100.0,4.0,23.468906434845,120.46094857156
08BEAC252820,2023-06-30,18:31:27,31.2,100.0,9.0,24.830241,121.0067357
08BEAC245ED4,2023-06-30,18:31:55,28.5,100.0,4.0,24.61402,121.853386
08BEAC252936,2023-06-30,18:31:57,26.6,100.0,0.0,24.7052738,121.183567
08BEAC2528CE,2023-06-30,18:32:13,28.8,100.0,3.0,24.7530748,121.7550418
08BEAC252C20,2023-06-30,18:32:24,26.1,100.0,2.0,24.574514,121.47802
08BEAC252BA0,2023-06-30,18:33:18,28.7,100.0,6.0,24.6752335,121.0590723
08BEAC245B1C,2023-06-30,18:33:22,29.1,100.0,6.0,24.602338,120.77856
08BEAC252B9A,2023-06-30,18:33:26,24.3,100.0,4.0,24.6250013,121.1482569
08BEAC245C4E,2023-06-30,18:33:39,26.3,100.0,7.0,24.374115,120.8436439
08BEAC25291A,2023-06-30,18:33:55,31.0,100.0,8.0,24.9027334,120.9912667
08BEAC245F6A,2023-06-30,18:34:21,27.8,100.0,5.0,24.7457187,121.0847249
08BEAC2529F6,2023-06-30,18:34:37,30.2,100.0,7.0,24.905624636868,121.04758657515
08BEAC245C7A,2023-06-30,18:35:01,28.3,100.0,8.0,24.649751,120.9531952
08BEAC245E02,2023-06-30,18:35:31,29.8,88.0,3.0,24.686842,121.798426
08BEAC245F3C,2023-06-30,18:35:57,28.7,100.0,17.0,24.639860153198,121.83334350585
08BEAC252838,2023-06-30,18:35:58,26.8,100.0,2.0,23.819479,121.473126
08BEAC252AE2,2023-06-30,18:36:04,24.2,100.0,1.0,24.4373287,121.3807443
08BEAC245D64,2023-06-30,18:36:05,29.0,96.0,2.0,24.62168,121.834905
08BEAC245F4A,2023-06-30,18:36:19,29.1,100.0,3.0,24.5968,121.841078
08BEAC245DA6,2023-06-30,18:36:30,28.6,100.0,2.0,23.4844262,120.4874326
08BEAC252862,2023-06-30,18:36:31,27.7,100.0,4.0,24.780019,121.180754
08BEAC245CF6,2023-06-30,18:36:41,28.5,100.0,4.0,23.468906434845,120.46094857156
08BEAC252820,2023-06-30,18:36:41,31.2,100.0,8.0,24.830241,121.0067357
08BEAC245ED4,2023-06-30,18:37:09,28.5,100.0,3.0,24.61402,121.853386
08BEAC252936,2023-06-30,18:37:13,26.6,100.0,0.0,24.7052738,121.183567
08BEAC2528CE,2023-06-30,18:37:30,29.0,100.0,3.0,24.7530748,121.7550418
08BEAC252C20,2023-06-30,18:37:41,26.1,100.0,2.0,24.574514,121.47802
08BEAC252BA0,2023-06-30,18:38:33,28.8,100.0,5.0,24.6752335,121.0590723
08BEAC245B1C,2023-06-30,18:38:40,29.1,100.0,6.0,24.602338,120.77856
08BEAC252B9A,2023-06-30,18:38:41,24.2,100.0,4.0,24.6250013,121.1482569
08BEAC245C4E,2023-06-30,18:38:58,26.5,100.0,7.0,24.374115,120.8436439
08BEAC25291A,2023-06-30,18:39:10,31.0,100.0,8.0,24.9027334,120.9912667
08BEAC245F6A,2023-06-30,18:39:35,28.0,100.0,5.0,24.7457187,121.0847249
08BEAC2529F6,2023-06-30,18:39:53,30.2,100.0,7.0,24.905624636868,121.04758657515
08BEAC245E0E,2023-06-30,18:40:00,29.7,100.0,7.0,24.926586,121.018743
08BEAC245C7A,2023-06-30,18:40:16,28.3,100.0,8.0,24.649751,120.9531952
08BEAC245E02,2023-06-30,18:40:46,29.8,88.0,3.0,24.686842,121.798426
08BEAC245F3C,2023-06-30,18:41:13,28.7,100.0,12.0,24.639860153198,121.83334350585
08BEAC252838,2023-06-30,18:41:15,26.8,100.0,1.0,23.819479,121.473126
08BEAC252AE2,2023-06-30,18:41:19,24.2,100.0,1.0,24.4373287,121.3807443
08BEAC245D64,2023-06-30,18:41:21,29.0,96.0,2.0,24.62168,121.834905
08BEAC245F4A,2023-06-30,18:41:35,29.0,100.0,3.0,24.5968,121.841078
08BEAC245DA6,2023-06-30,18:41:45,28.5,100.0,1.0,23.4844262,120.4874326
08BEAC252862,2023-06-30,18:41:47,27.6,100.0,4.0,24.780019,121.180754
08BEAC252820,2023-06-30,18:41:54,31.1,100.0,8.0,24.830241,121.0067357
08BEAC245CF6,2023-06-30,18:41:56,28.3,100.0,4.0,23.468906434845,120.46094857156
08BEAC245ED4,2023-06-30,18:42:22,28.5,100.0,3.0,24.61402,121.853386
08BEAC2528CE,2023-06-30,18:42:46,29.1,100.0,3.0,24.7530748,121.7550418
08BEAC252936,2023-06-30,18:42:47,26.5,100.0,0.0,24.7052738,121.183567
08BEAC252C20,2023-06-30,18:42:57,26.0,100.0,2.0,24.574514,121.47802
08BEAC252BA0,2023-06-30,18:43:47,28.8,100.0,5.0,24.6752335,121.0590723
08BEAC245B1C,2023-06-30,18:43:55,29.1,100.0,6.0,24.602338,120.77856
08BEAC252B9A,2023-06-30,18:43:56,24.2,100.0,4.0,24.6250013,121.1482569
08BEAC245C4E,2023-06-30,18:44:13,26.6,100.0,7.0,24.374115,120.8436439
08BEAC25291A,2023-06-30,18:44:26,31.0,100.0,7.0,24.9027334,120.9912667
08BEAC245E0E,2023-06-30,18:45:17,29.8,100.0,7.0,24.926586,121.018743
08BEAC2529F6,2023-06-30,18:45:28,30.2,100.0,7.0,24.905624636868,121.04758657515
08BEAC245C7A,2023-06-30,18:45:30,28.3,100.0,8.0,24.649751,120.9531952
08BEAC245E02,2023-06-30,18:46:02,30.0,88.0,3.0,24.686842,121.798426
08BEAC245F3C,2023-06-30,18:46:28,28.6,100.0,7.0,24.639860153198,121.83334350585
08BEAC252838,2023-06-30,18:46:32,26.8,100.0,1.0,23.819479,121.473126
08BEAC245D64,2023-06-30,18:46:36,29.0,96.0,2.0,24.62168,121.834905
08BEAC252AE2,2023-06-30,18:46:36,24.2,100.0,1.0,24.4373287,121.3807443
08BEAC245F4A,2023-06-30,18:46:49,29.0,100.0,3.0,24.5968,121.841078
08BEAC245DA6,2023-06-30,18:47:01,28.5,100.0,1.0,23.4844262,120.4874326
08BEAC252862,2023-06-30,18:47:02,27.5,100.0,4.0,24.780019,121.180754
08BEAC252820,2023-06-30,18:47:08,31.0,100.0,8.0,24.830241,121.0067357
08BEAC245CF6,2023-06-30,18:47:12,28.3,100.0,3.0,23.468906434845,120.46094857156
08BEAC245ED4,2023-06-30,18:47:37,28.3,100.0,4.0,24.61402,121.853386
08BEAC2528CE,2023-06-30,18:48:02,29.1,100.0,3.0,24.7530748,121.7550418
08BEAC252936,2023-06-30,18:48:04,26.5,100.0,0.0,24.7052738,121.183567
08BEAC252C20,2023-06-30,18:48:12,26.1,100.0,2.0,24.574514,121.47802
08BEAC252BA0,2023-06-30,18:49:02,28.8,100.0,5.0,24.6752335,121.0590723
08BEAC245B1C,2023-06-30,18:49:11,29.1,100.0,5.0,24.602338,120.77856
08BEAC252B9A,2023-06-30,18:49:11,24.1,100.0,4.0,24.6250013,121.1482569
08BEAC245C4E,2023-06-30,18:49:29,26.6,100.0,7.0,24.374115,120.8436439
08BEAC25291A,2023-06-30,18:49:42,31.0,100.0,7.0,24.9027334,120.9912667
08BEAC245F6A,2023-06-30,18:50:02,28.0,100.0,5.0,24.7457187,121.0847249
08BEAC245E0E,2023-06-30,18:50:34,29.7,100.0,8.0,24.926586,121.018743
08BEAC2529F6,2023-06-30,18:50:44,30.2,100.0,7.0,24.905624636868,121.04758657515
08BEAC245C7A,2023-06-30,18:50:46,28.5,100.0,8.0,24.649751,120.9531952
08BEAC245E02,2023-06-30,18:51:17,30.0,88.0,3.0,24.686842,121.798426
08BEAC245F3C,2023-06-30,18:51:44,28.6,100.0,5.0,24.639860153198,121.83334350585
08BEAC252838,2023-06-30,18:51:48,26.7,100.0,2.0,23.819479,121.473126
08BEAC252AE2,2023-06-30,18:51:51,24.2,100.0,1.0,24.4373287,121.3807443
08BEAC245D64,2023-06-30,18:51:52,29.0,95.0,2.0,24.62168,121.834905
08BEAC245F4A,2023-06-30,18:52:08,29.0,100.0,3.0,24.5968,121.841078
08BEAC245DA6,2023-06-30,18:52:19,28.6,100.0,1.0,23.4844262,120.4874326
08BEAC252862,2023-06-30,18:52:20,27.5,100.0,5.0,24.780019,121.180754
08BEAC252820,2023-06-30,18:52:27,31.1,100.0,8.0,24.830241,121.0067357
08BEAC245CF6,2023-06-30,18:52:28,28.3,100.0,3.0,23.468906434845,120.46094857156
08BEAC245ED4,2023-06-30,18:52:52,28.5,100.0,4.0,24.61402,121.853386
08BEAC252936,2023-06-30,18:53:20,26.6,100.0,0.0,24.7052738,121.183567
08BEAC2528CE,2023-06-30,18:53:23,29.1,100.0,4.0,24.7530748,121.7550418
08BEAC252C20,2023-06-30,18:53:26,26.2,100.0,2.0,24.574514,121.47802
08BEAC252BA0,2023-06-30,18:54:18,28.8,100.0,5.0,24.6752335,121.0590723
08BEAC245B1C,2023-06-30,18:54:25,29.1,100.0,6.0,24.602338,120.77856
08BEAC252B9A,2023-06-30,18:54:29,24.1,100.0,3.0,24.6250013,121.1482569
08BEAC245C4E,2023-06-30,18:54:44,26.5,100.0,6.0,24.374115,120.8436439
08BEAC25291A,2023-06-30,18:54:55,31.0,100.0,6.0,24.9027334,120.9912667
08BEAC245F6A,2023-06-30,18:55:17,28.0,100.0,6.0,24.7457187,121.0847249
08BEAC245E0E,2023-06-30,18:55:49,29.8,100.0,7.0,24.926586,121.018743
08BEAC245C7A,2023-06-30,18:56:00,28.6,100.0,8.0,24.649751,120.9531952
08BEAC2529F6,2023-06-30,18:56:04,30.3,100.0,7.0,24.905624636868,121.04758657515
08BEAC245E02,2023-06-30,18:56:33,30.1,88.0,3.0,24.686842,121.798426
08BEAC245F3C,2023-06-30,18:56:59,28.5,100.0,5.0,24.639860153198,121.83334350585
08BEAC252838,2023-06-30,18:57:04,26.7,100.0,1.0,23.819479,121.473126
08BEAC245D64,2023-06-30,18:57:06,29.0,95.0,2.0,24.62168,121.834905
08BEAC252AE2,2023-06-30,18:57:08,24.2,100.0,1.0,24.4373287,121.3807443
08BEAC245F4A,2023-06-30,18:57:28,29.0,100.0,3.0,24.5968,121.841078
08BEAC252862,2023-06-30,18:57:34,27.5,100.0,4.0,24.780019,121.180754
08BEAC245DA6,2023-06-30,18:57:36,28.6,100.0,1.0,23.4844262,120.4874326
08BEAC252820,2023-06-30,18:57:41,31.0,100.0,7.0,24.830241,121.0067357
08BEAC245CF6,2023-06-30,18:57:44,28.3,100.0,3.0,23.468906434845,120.46094857156
08BEAC245ED4,2023-06-30,18:58:07,28.3,100.0,4.0,24.61402,121.853386
08BEAC2528CE,2023-06-30,18:58:37,29.2,100.0,4.0,24.7530748,121.7550418
08BEAC252C20,2023-06-30,18:58:41,26.2,100.0,2.0,24.574514,121.47802
08BEAC252BA0,2023-06-30,18:59:33,28.7,100.0,5.0,24.6752335,121.0590723
08BEAC245B1C,2023-06-30,18:59:40,29.1,100.0,6.0,24.602338,120.77856
08BEAC252B9A,2023-06-30,18:59:44,24.0,100.0,4.0,24.6250013,121.1482569
08BEAC245C4E,2023-06-30,19:00:04,26.3,100.0,8.0,24.374115,120.8436439
08BEAC25291A,2023-06-30,19:00:10,31.0,100.0,7.0,24.9027334,120.9912667
08BEAC245F6A,2023-06-30,19:00:40,28.0,100.0,6.0,24.7457187,121.0847249
08BEAC245E0E,2023-06-30,19:01:10,29.8,100.0,7.0,24.926586,121.018743
08BEAC245C7A,2023-06-30,19:01:16,28.6,100.0,9.0,24.649751,120.9531952
08BEAC2529F6,2023-06-30,19:01:39,30.5,100.0,7.0,24.905624636868,121.04758657515
08BEAC245E02,2023-06-30,19:01:46,30.0,88.0,4.0,24.686842,121.798426
08BEAC245F3C,2023-06-30,19:02:13,28.5,100.0,8.0,24.639860153198,121.83334350585
08BEAC252838,2023-06-30,19:02:18,26.6,100.0,1.0,23.819479,121.473126
08BEAC252AE2,2023-06-30,19:02:24,24.2,100.0,1.0,24.4373287,121.3807443
08BEAC245D64,2023-06-30,19:02:29,29.0,95.0,1.0,24.62168,121.834905
08BEAC245F4A,2023-06-30,19:02:43,29.0,100.0,3.0,24.5968,121.841078
08BEAC252862,2023-06-30,19:02:50,27.6,100.0,4.0,24.780019,121.180754
08BEAC245DA6,2023-06-30,19:02:51,28.6,100.0,1.0,23.4844262,120.4874326
08BEAC252820,2023-06-30,19:02:55,31.0,100.0,7.0,24.830241,121.0067357
08BEAC245CF6,2023-06-30,19:03:00,28.3,100.0,3.0,23.468906434845,120.46094857156
08BEAC245ED4,2023-06-30,19:03:22,28.5,100.0,4.0,24.61402,121.853386
08BEAC2528CE,2023-06-30,19:03:51,29.1,100.0,4.0,24.7530748,121.7550418
08BEAC252C20,2023-06-30,19:03:59,26.2,100.0,2.0,24.574514,121.47802
08BEAC252936,2023-06-30,19:04:33,26.7,100.0,0.0,24.7052738,121.183567
08BEAC252BA0,2023-06-30,19:04:50,28.8,100.0,5.0,24.6752335,121.0590723
08BEAC245B1C,2023-06-30,19:04:55,29.1,100.0,6.0,24.602338,120.77856
08BEAC252B9A,2023-06-30,19:04:58,24.0,100.0,4.0,24.6250013,121.1482569
08BEAC245C4E,2023-06-30,19:05:20,26.3,100.0,8.0,24.374115,120.8436439
08BEAC25291A,2023-06-30,19:05:24,31.0,100.0,7.0,24.9027334,120.9912667
08BEAC245F6A,2023-06-30,19:05:55,28.0,100.0,7.0,24.7457187,121.0847249
08BEAC245E0E,2023-06-30,19:06:26,29.8,100.0,7.0,24.926586,121.018743
08BEAC245C7A,2023-06-30,19:06:32,28.5,100.0,8.0,24.649751,120.9531952
08BEAC2529F6,2023-06-30,19:06:55,30.5,100.0,8.0,24.905624636868,121.04758657515
08BEAC245E02,2023-06-30,19:07:04,29.7,88.0,3.0,24.686842,121.798426
08BEAC245F3C,2023-06-30,19:07:28,28.6,100.0,12.0,24.639860153198,121.83334350585
08BEAC252838,2023-06-30,19:07:36,26.6,100.0,1.0,23.819479,121.473126
08BEAC252AE2,2023-06-30,19:07:42,24.1,100.0,1.0,24.4373287,121.3807443
08BEAC245D64,2023-06-30,19:07:45,28.8,96.0,2.0,24.62168,121.834905
08BEAC245F4A,2023-06-30,19:07:58,29.0,100.0,3.0,24.5968,121.841078
08BEAC252862,2023-06-30,19:08:04,27.7,100.0,4.0,24.780019,121.180754
08BEAC245DA6,2023-06-30,19:08:07,28.7,100.0,1.0,23.4844262,120.4874326
08BEAC252820,2023-06-30,19:08:09,31.0,100.0,7.0,24.830241,121.0067357
08BEAC245CF6,2023-06-30,19:08:16,28.3,100.0,3.0,23.468906434845,120.46094857156
08BEAC245ED4,2023-06-30,19:08:37,28.5,100.0,4.0,24.61402,121.853386
08BEAC2528CE,2023-06-30,19:09:08,29.1,100.0,3.0,24.7530748,121.7550418
08BEAC252C20,2023-06-30,19:09:19,26.2,100.0,2.0,24.574514,121.47802
08BEAC252936,2023-06-30,19:09:49,26.6,100.0,0.0,24.7052738,121.183567
08BEAC252BA0,2023-06-30,19:10:04,28.7,100.0,5.0,24.6752335,121.0590723
08BEAC245B1C,2023-06-30,19:10:14,29.0,100.0,6.0,24.602338,120.77856
08BEAC252B9A,2023-06-30,19:10:14,24.1,100.0,4.0,24.6250013,121.1482569
08BEAC245C4E,2023-06-30,19:10:37,26.3,100.0,7.0,24.374115,120.8436439
08BEAC25291A,2023-06-30,19:10:39,31.1,100.0,7.0,24.9027334,120.9912667
08BEAC245F6A,2023-06-30,19:11:09,28.0,100.0,7.0,24.7457187,121.0847249
08BEAC245C7A,2023-06-30,19:11:46,28.5,100.0,8.0,24.649751,120.9531952
08BEAC245E0E,2023-06-30,19:12:01,29.8,100.0,7.0,24.926586,121.018743
08BEAC2529F6,2023-06-30,19:12:12,30.3,100.0,7.0,24.905624636868,121.04758657515
08BEAC245E02,2023-06-30,19:12:18,29.7,87.0,2.0,24.686842,121.798426
08BEAC245F3C,2023-06-30,19:12:45,28.6,100.0,19.0,24.639860153198,121.83334350585
08BEAC252838,2023-06-30,19:12:52,26.7,100.0,1.0,23.819479,121.473126
08BEAC252AE2,2023-06-30,19:12:57,24.2,100.0,1.0,24.4373287,121.3807443
08BEAC245D64,2023-06-30,19:13:01,28.8,97.0,2.0,24.62168,121.834905
08BEAC245F4A,2023-06-30,19:13:12,28.8,100.0,3.0,24.5968,121.841078
08BEAC252862,2023-06-30,19:13:18,27.7,100.0,4.0,24.780019,121.180754
08BEAC245DA6,2023-06-30,19:13:24,28.7,100.0,1.0,23.4844262,120.4874326
08BEAC252820,2023-06-30,19:13:24,31.0,100.0,7.0,24.830241,121.0067357
08BEAC245CF6,2023-06-30,19:13:31,28.3,100.0,3.0,23.468906434845,120.46094857156
08BEAC245ED4,2023-06-30,19:13:54,28.5,100.0,4.0,24.61402,121.853386
08BEAC2528CE,2023-06-30,19:14:24,29.1,100.0,3.0,24.7530748,121.7550418
08BEAC252C20,2023-06-30,19:14:33,26.2,100.0,2.0,24.574514,121.47802
08BEAC252936,2023-06-30,19:15:07,26.6,100.0,0.0,24.7052738,121.183567
08BEAC252B9A,2023-06-30,19:15:28,24.0,100.0,3.0,24.6250013,121.1482569
08BEAC245B1C,2023-06-30,19:15:30,29.0,100.0,6.0,24.602338,120.77856
08BEAC25291A,2023-06-30,19:15:52,31.1,100.0,7.0,24.9027334,120.9912667
08BEAC245C4E,2023-06-30,19:15:53,26.2,100.0,8.0,24.374115,120.8436439
08BEAC245F6A,2023-06-30,19:16:23,28.1,100.0,8.0,24.7457187,121.0847249
08BEAC245C7A,2023-06-30,19:17:01,28.3,100.0,8.0,24.649751,120.9531952
08BEAC245E0E,2023-06-30,19:17:17,29.8,100.0,7.0,24.926586,121.018743
08BEAC2529F6,2023-06-30,19:17:27,30.2,100.0,8.0,24.905624636868,121.04758657515
08BEAC245E02,2023-06-30,19:17:37,29.6,87.0,2.0,24.686842,121.798426
08BEAC245F3C,2023-06-30,19:17:59,28.5,100.0,25.0,24.639860153198,121.83334350585
08BEAC252838,2023-06-30,19:18:07,26.6,100.0,1.0,23.819479,121.473126
08BEAC252AE2,2023-06-30,19:18:12,24.2,100.0,1.0,24.4373287,121.3807443
08BEAC245D64,2023-06-30,19:18:15,29.0,97.0,3.0,24.62168,121.834905
08BEAC245F4A,2023-06-30,19:18:29,28.8,100.0,3.0,24.5968,121.841078
08BEAC252862,2023-06-30,19:18:33,27.7,100.0,4.0,24.780019,121.180754
08BEAC252820,2023-06-30,19:18:39,31.0,100.0,6.0,24.830241,121.0067357
08BEAC245DA6,2023-06-30,19:18:41,28.8,100.0,1.0,23.4844262,120.4874326
08BEAC245CF6,2023-06-30,19:18:46,28.3,100.0,3.0,23.468906434845,120.46094857156
08BEAC245ED4,2023-06-30,19:19:09,28.5,100.0,4.0,24.61402,121.853386
08BEAC2528CE,2023-06-30,19:19:43,29.2,100.0,3.0,24.7530748,121.7550418
08BEAC252C20,2023-06-30,19:19:48,26.1,100.0,2.0,24.574514,121.47802
08BEAC252936,2023-06-30,19:20:23,26.5,100.0,0.0,24.7052738,121.183567
08BEAC252BA0,2023-06-30,19:20:32,28.7,100.0,5.0,24.6752335,121.0590723
08BEAC252B9A,2023-06-30,19:20:43,23.8,100.0,5.0,24.6250013,121.1482569
08BEAC245B1C,2023-06-30,19:20:46,29.0,100.0,6.0,24.602338,120.77856
08BEAC25291A,2023-06-30,19:21:07,31.1,100.0,7.0,24.9027334,120.9912667
08BEAC245C4E,2023-06-30,19:21:09,26.1,100.0,8.0,24.374115,120.8436439
08BEAC245F6A,2023-06-30,19:21:37,28.2,100.0,8.0,24.7457187,121.0847249
08BEAC245C7A,2023-06-30,19:22:14,28.5,100.0,7.0,24.649751,120.9531952
08BEAC245E0E,2023-06-30,19:22:34,29.8,100.0,7.0,24.926586,121.018743
08BEAC245E02,2023-06-30,19:22:51,29.5,88.0,3.0,24.686842,121.798426
08BEAC2529F6,2023-06-30,19:23:02,30.2,100.0,7.0,24.905624636868,121.04758657515
08BEAC245F3C,2023-06-30,19:23:14,28.5,100.0,30.0,24.639860153198,121.83334350585
08BEAC252838,2023-06-30,19:23:20,26.3,100.0,1.0,23.819479,121.473126
08BEAC252AE2,2023-06-30,19:23:28,24.1,100.0,1.0,24.4373287,121.3807443
08BEAC245D64,2023-06-30,19:23:31,28.8,97.0,3.0,24.62168,121.834905
08BEAC245F4A,2023-06-30,19:23:44,28.7,100.0,3.0,24.5968,121.841078
08BEAC252862,2023-06-30,19:23:47,27.7,100.0,4.0,24.780019,121.180754
08BEAC252820,2023-06-30,19:23:54,30.8,100.0,6.0,24.830241,121.0067357
08BEAC245DA6,2023-06-30,19:23:55,29.0,100.0,1.0,23.4844262,120.4874326
08BEAC245CF6,2023-06-30,19:24:02,28.5,100.0,2.0,23.468906434845,120.46094857156
08BEAC245ED4,2023-06-30,19:24:23,28.5,100.0,3.0,24.61402,121.853386
08BEAC2528CE,2023-06-30,19:25:00,29.3,100.0,3.0,24.7530748,121.7550418
08BEAC252C20,2023-06-30,19:25:03,26.0,100.0,2.0,24.574514,121.47802
08BEAC252BA0,2023-06-30,19:25:46,28.6,100.0,5.0,24.6752335,121.0590723
08BEAC252936,2023-06-30,19:25:57,26.6,100.0,0.0,24.7052738,121.183567
08BEAC252B9A,2023-06-30,19:25:57,23.8,100.0,4.0,24.6250013,121.1482569
08BEAC245B1C,2023-06-30,19:26:01,28.8,100.0,6.0,24.602338,120.77856
08BEAC25291A,2023-06-30,19:26:22,31.1,100.0,7.0,24.9027334,120.9912667
08BEAC245C4E,2023-06-30,19:26:23,26.1,100.0,8.0,24.374115,120.8436439
08BEAC245F6A,2023-06-30,19:26:54,28.2,100.0,8.0,24.7457187,121.0847249
08BEAC245C7A,2023-06-30,19:27:29,28.5,100.0,8.0,24.649751,120.9531952
08BEAC245E0E,2023-06-30,19:27:48,29.7,100.0,7.0,24.926586,121.018743
08BEAC245E02,2023-06-30,19:28:05,29.5,88.0,3.0,24.686842,121.798426
08BEAC2529F6,2023-06-30,19:28:18,30.2,100.0,7.0,24.905624636868,121.04758657515
08BEAC245F3C,2023-06-30,19:28:29,28.5,100.0,25.0,24.639860153198,121.83334350585
08BEAC252838,2023-06-30,19:28:36,26.3,100.0,1.0,23.819479,121.473126
08BEAC252AE2,2023-06-30,19:28:45,24.1,100.0,1.0,24.4373287,121.3807443
08BEAC245D64,2023-06-30,19:28:46,28.8,96.0,2.0,24.62168,121.834905
08BEAC245F4A,2023-06-30,19:29:00,28.8,100.0,3.0,24.5968,121.841078
08BEAC252862,2023-06-30,19:29:02,27.8,100.0,4.0,24.780019,121.180754
08BEAC252820,2023-06-30,19:29:07,30.8,100.0,6.0,24.830241,121.0067357
08BEAC245DA6,2023-06-30,19:29:10,29.0,100.0,1.0,23.4844262,120.4874326
08BEAC245CF6,2023-06-30,19:29:18,28.5,100.0,2.0,23.468906434845,120.46094857156
08BEAC245ED4,2023-06-30,19:29:38,28.5,100.0,3.0,24.61402,121.853386
08BEAC2528CE,2023-06-30,19:30:17,29.3,100.0,3.0,24.7530748,121.7550418
08BEAC252C20,2023-06-30,19:30:17,25.8,100.0,2.0,24.574514,121.47802
08BEAC252BA0,2023-06-30,19:31:04,28.7,100.0,5.0,24.6752335,121.0590723
08BEAC252936,2023-06-30,19:31:11,26.5,100.0,0.0,24.7052738,121.183567
08BEAC252B9A,2023-06-30,19:31:13,23.7,100.0,4.0,24.6250013,121.1482569
08BEAC245B1C,2023-06-30,19:31:17,28.8,100.0,6.0,24.602338,120.77856
08BEAC25291A,2023-06-30,19:31:36,31.0,100.0,7.0,24.9027334,120.9912667
08BEAC245C4E,2023-06-30,19:31:40,26.0,100.0,8.0,24.374115,120.8436439
08BEAC245F6A,2023-06-30,19:32:10,28.1,100.0,6.0,24.7457187,121.0847249
08BEAC245C7A,2023-06-30,19:32:43,28.5,100.0,7.0,24.649751,120.9531952
08BEAC245E02,2023-06-30,19:33:18,29.5,88.0,4.0,24.686842,121.798426
08BEAC245E0E,2023-06-30,19:33:24,29.6,100.0,7.0,24.926586,121.018743
08BEAC245F3C,2023-06-30,19:33:45,28.5,100.0,16.0,24.639860153198,121.83334350585
08BEAC252838,2023-06-30,19:33:50,26.5,100.0,2.0,23.819479,121.473126
08BEAC2529F6,2023-06-30,19:33:51,30.1,100.0,7.0,24.905624636868,121.04758657515
08BEAC245D64,2023-06-30,19:34:00,28.8,96.0,2.0,24.62168,121.834905
08BEAC252AE2,2023-06-30,19:34:00,24.1,100.0,1.0,24.4373287,121.3807443
08BEAC245F4A,2023-06-30,19:34:16,28.8,100.0,3.0,24.5968,121.841078
08BEAC252862,2023-06-30,19:34:18,27.7,100.0,4.0,24.780019,121.180754
08BEAC252820,2023-06-30,19:34:22,31.0,100.0,6.0,24.830241,121.0067357
08BEAC245DA6,2023-06-30,19:34:23,29.0,100.0,1.0,23.4844262,120.4874326
08BEAC245CF6,2023-06-30,19:34:32,28.5,100.0,3.0,23.468906434845,120.46094857156
08BEAC245ED4,2023-06-30,19:34:54,28.5,100.0,3.0,24.61402,121.853386
08BEAC252C20,2023-06-30,19:35:32,25.8,100.0,2.0,24.574514,121.47802
08BEAC2528CE,2023-06-30,19:35:34,29.3,100.0,3.0,24.7530748,121.7550418
08BEAC252BA0,2023-06-30,19:36:18,28.7,100.0,5.0,24.6752335,121.0590723
08BEAC252B9A,2023-06-30,19:36:28,23.6,100.0,5.0,24.6250013,121.1482569
08BEAC245B1C,2023-06-30,19:36:32,28.7,100.0,6.0,24.602338,120.77856
08BEAC252936,2023-06-30,19:36:44,26.6,100.0,0.0,24.7052738,121.183567
08BEAC25291A,2023-06-30,19:36:51,31.0,100.0,6.0,24.9027334,120.9912667
08BEAC245C4E,2023-06-30,19:36:56,26.0,100.0,8.0,24.374115,120.8436439
08BEAC245F6A,2023-06-30,19:37:24,27.8,100.0,6.0,24.7457187,121.0847249
08BEAC245C7A,2023-06-30,19:37:57,28.6,100.0,7.0,24.649751,120.9531952
08BEAC245E02,2023-06-30,19:38:33,29.3,88.0,3.0,24.686842,121.798426
08BEAC245E0E,2023-06-30,19:38:37,29.6,100.0,7.0,24.926586,121.018743
08BEAC245F3C,2023-06-30,19:38:59,28.6,100.0,8.0,24.639860153198,121.83334350585
08BEAC252838,2023-06-30,19:39:05,26.6,100.0,2.0,23.819479,121.473126
08BEAC2529F6,2023-06-30,19:39:05,30.1,100.0,6.0,24.905624636868,121.04758657515
08BEAC245D64,2023-06-30,19:39:15,28.8,96.0,2.0,24.62168,121.834905
08BEAC252AE2,2023-06-30,19:39:16,24.1,100.0,1.0,24.4373287,121.3807443
08BEAC245F4A,2023-06-30,19:39:30,28.8,100.0,3.0,24.5968,121.841078
08BEAC252862,2023-06-30,19:39:31,27.7,100.0,4.0,24.780019,121.180754
08BEAC252820,2023-06-30,19:39:38,30.8,100.0,6.0,24.830241,121.0067357
08BEAC245DA6,2023-06-30,19:39:39,29.0,100.0,1.0,23.4844262,120.4874326
08BEAC245CF6,2023-06-30,19:39:48,28.5,100.0,3.0,23.468906434845,120.46094857156
08BEAC245ED4,2023-06-30,19:40:09,28.2,100.0,3.0,24.61402,121.853386
08BEAC252C20,2023-06-30,19:40:49,25.8,100.0,2.0,24.574514,121.47802
08BEAC2528CE,2023-06-30,19:41:02,29.3,100.0,3.0,24.7530748,121.7550418
08BEAC252BA0,2023-06-30,19:41:33,28.6,100.0,5.0,24.6752335,121.0590723
08BEAC252B9A,2023-06-30,19:41:44,23.7,100.0,5.0,24.6250013,121.1482569
08BEAC245B1C,2023-06-30,19:41:49,28.8,100.0,5.0,24.602338,120.77856
08BEAC252936,2023-06-30,19:41:58,26.6,100.0,0.0,24.7052738,121.183567
08BEAC245C4E,2023-06-30,19:42:10,26.0,100.0,8.0,24.374115,120.8436439
08BEAC245F6A,2023-06-30,19:42:37,27.8,100.0,6.0,24.7457187,121.0847249
08BEAC245C7A,2023-06-30,19:43:11,28.7,100.0,7.0,24.649751,120.9531952
08BEAC245E0E,2023-06-30,19:44:12,29.7,100.0,7.0,24.926586,121.018743
08BEAC245F3C,2023-06-30,19:44:15,28.6,100.0,3.0,24.639860153198,121.83334350585
08BEAC252838,2023-06-30,19:44:20,26.6,100.0,2.0,23.819479,121.473126
08BEAC245D64,2023-06-30,19:44:29,28.8,96.0,2.0,24.62168,121.834905
08BEAC252AE2,2023-06-30,19:44:32,24.2,100.0,1.0,24.4373287,121.3807443
08BEAC2529F6,2023-06-30,19:44:39,30.1,100.0,6.0,24.905624636868,121.04758657515
08BEAC245F4A,2023-06-30,19:44:45,28.7,100.0,2.0,24.5968,121.841078
08BEAC252862,2023-06-30,19:44:45,27.6,100.0,4.0,24.780019,121.180754
08BEAC252820,2023-06-30,19:44:53,31.0,100.0,6.0,24.830241,121.0067357
08BEAC245DA6,2023-06-30,19:44:54,29.0,100.0,1.0,23.4844262,120.4874326
08BEAC245CF6,2023-06-30,19:45:03,28.3,100.0,2.0,23.468906434845,120.46094857156
08BEAC245ED4,2023-06-30,19:45:23,28.2,100.0,3.0,24.61402,121.853386
08BEAC252C20,2023-06-30,19:46:04,25.8,100.0,2.0,24.574514,121.47802
08BEAC2528CE,2023-06-30,19:46:18,29.3,100.0,3.0,24.7530748,121.7550418
08BEAC252BA0,2023-06-30,19:46:49,28.6,100.0,5.0,24.6752335,121.0590723
08BEAC252B9A,2023-06-30,19:46:58,23.7,100.0,5.0,24.6250013,121.1482569
08BEAC245B1C,2023-06-30,19:47:04,28.8,100.0,6.0,24.602338,120.77856
08BEAC25291A,2023-06-30,19:47:14,31.0,100.0,6.0,24.9027334,120.9912667
08BEAC245C4E,2023-06-30,19:47:25,26.0,100.0,8.0,24.374115,120.8436439
08BEAC252936,2023-06-30,19:47:37,26.6,100.0,0.0,24.7052738,121.183567
08BEAC245F6A,2023-06-30,19:47:52,27.6,100.0,6.0,24.7457187,121.0847249
08BEAC245C7A,2023-06-30,19:48:27,28.7,100.0,7.0,24.649751,120.9531952
08BEAC245E02,2023-06-30,19:48:56,29.3,88.0,3.0,24.686842,121.798426
08BEAC245E0E,2023-06-30,19:49:26,29.7,100.0,6.0,24.926586,121.018743
08BEAC245F3C,2023-06-30,19:49:30,28.5,100.0,3.0,24.639860153198,121.83334350585
08BEAC252838,2023-06-30,19:49:35,26.7,100.0,1.0,23.819479,121.473126
08BEAC245D64,2023-06-30,19:49:43,28.8,96.0,2.0,24.62168,121.834905
08BEAC252AE2,2023-06-30,19:49:47,24.2,100.0,1.0,24.4373287,121.3807443
08BEAC2529F6,2023-06-30,19:49:54,30.0,100.0,6.0,24.905624636868,121.04758657515
08BEAC252862,2023-06-30,19:49:59,27.6,100.0,5.0,24.780019,121.180754
08BEAC245F4A,2023-06-30,19:50:03,28.7,100.0,2.0,24.5968,121.841078
08BEAC252820,2023-06-30,19:50:07,31.0,100.0,5.0,24.830241,121.0067357
08BEAC245DA6,2023-06-30,19:50:09,29.0,100.0,1.0,23.4844262,120.4874326
08BEAC245CF6,2023-06-30,19:50:18,28.3,100.0,3.0,23.468906434845,120.46094857156
08BEAC245ED4,2023-06-30,19:50:38,28.2,100.0,3.0,24.61402,121.853386
08BEAC252C20,2023-06-30,19:51:19,25.6,100.0,2.0,24.574514,121.47802
08BEAC2528CE,2023-06-30,19:51:33,29.3,100.0,4.0,24.7530748,121.7550418
08BEAC252BA0,2023-06-30,19:52:04,28.6,100.0,5.0,24.6752335,121.0590723
08BEAC252B9A,2023-06-30,19:52:14,23.8,100.0,3.0,24.6250013,121.1482569
08BEAC245B1C,2023-06-30,19:52:19,28.7,100.0,6.0,24.602338,120.77856
08BEAC25291A,2023-06-30,19:52:32,31.0,100.0,6.0,24.9027334,120.9912667
08BEAC245C4E,2023-06-30,19:52:40,25.8,100.0,8.0,24.374115,120.8436439
08BEAC252936,2023-06-30,19:52:51,26.6,100.0,0.0,24.7052738,121.183567
08BEAC245F6A,2023-06-30,19:53:08,27.6,100.0,7.0,24.7457187,121.0847249
08BEAC245C7A,2023-06-30,19:53:41,28.7,100.0,8.0,24.649751,120.9531952
08BEAC245E02,2023-06-30,19:54:13,29.2,88.0,3.0,24.686842,121.798426
08BEAC245F3C,2023-06-30,19:54:43,28.5,100.0,3.0,24.639860153198,121.83334350585
08BEAC252838,2023-06-30,19:54:52,26.7,100.0,2.0,23.819479,121.473126
08BEAC245D64,2023-06-30,19:54:57,28.8,96.0,1.0,24.62168,121.834905
08BEAC245E0E,2023-06-30,19:55:00,29.7,100.0,6.0,24.926586,121.018743
08BEAC252AE2,2023-06-30,19:55:03,24.2,100.0,1.0,24.4373287,121.3807443
08BEAC252862,2023-06-30,19:55:14,27.5,100.0,5.0,24.780019,121.180754
08BEAC245F4A,2023-06-30,19:55:18,28.7,100.0,3.0,24.5968,121.841078
08BEAC252820,2023-06-30,19:55:23,31.0,100.0,6.0,24.830241,121.0067357
08BEAC245DA6,2023-06-30,19:55:25,29.1,100.0,1.0,23.4844262,120.4874326
08BEAC2529F6,2023-06-30,19:55:30,30.1,100.0,6.0,24.905624636868,121.04758657515
08BEAC245CF6,2023-06-30,19:55:34,28.3,100.0,2.0,23.468906434845,120.46094857156
08BEAC245ED4,2023-06-30,19:55:53,28.2,100.0,3.0,24.61402,121.853386
08BEAC252C20,2023-06-30,19:56:34,25.6,100.0,2.0,24.574514,121.47802
08BEAC2528CE,2023-06-30,19:56:48,29.2,100.0,3.0,24.7530748,121.7550418
08BEAC252BA0,2023-06-30,19:57:19,28.7,100.0,5.0,24.6752335,121.0590723
08BEAC252B9A,2023-06-30,19:57:29,23.8,100.0,3.0,24.6250013,121.1482569
08BEAC245B1C,2023-06-30,19:57:34,28.7,100.0,6.0,24.602338,120.77856
08BEAC25291A,2023-06-30,19:57:47,31.0,100.0,5.0,24.9027334,120.9912667
08BEAC245C4E,2023-06-30,19:57:54,25.8,100.0,8.0,24.374115,120.8436439
08BEAC245F6A,2023-06-30,19:58:22,27.6,100.0,7.0,24.7457187,121.0847249
08BEAC252936,2023-06-30,19:58:24,26.6,100.0,0.0,24.7052738,121.183567
08BEAC245C7A,2023-06-30,19:58:57,28.7,100.0,8.0,24.649751,120.9531952
08BEAC245E02,2023-06-30,19:59:29,29.2,88.0,3.0,24.686842,121.798426
08BEAC245F3C,2023-06-30,20:00:00,28.5,100.0,3.0,24.639860153198,121.83334350585
08BEAC252838,2023-06-30,20:00:07,26.8,100.0,2.0,23.819479,121.473126
08BEAC245D64,2023-06-30,20:00:13,28.8,96.0,2.0,24.62168,121.834905
08BEAC245E0E,2023-06-30,20:00:16,29.7,100.0,6.0,24.926586,121.018743
08BEAC252AE2,2023-06-30,20:00:20,24.1,100.0,1.0,24.4373287,121.3807443
08BEAC252862,2023-06-30,20:00:30,27.5,100.0,4.0,24.780019,121.180754
08BEAC245F4A,2023-06-30,20:00:34,28.6,100.0,3.0,24.5968,121.841078
08BEAC252820,2023-06-30,20:00:36,31.0,100.0,6.0,24.830241,121.0067357
08BEAC245DA6,2023-06-30,20:00:40,29.0,100.0,1.0,23.4844262,120.4874326
08BEAC2529F6,2023-06-30,20:00:43,30.0,100.0,6.0,24.905624636868,121.04758657515
08BEAC245CF6,2023-06-30,20:00:48,28.5,100.0,2.0,23.468906434845,120.46094857156
08BEAC245ED4,2023-06-30,20:01:09,28.2,100.0,3.0,24.61402,121.853386
08BEAC252C20,2023-06-30,20:01:51,25.7,100.0,2.0,24.574514,121.47802
08BEAC2528CE,2023-06-30,20:02:04,29.2,100.0,4.0,24.7530748,121.7550418
08BEAC252BA0,2023-06-30,20:02:32,28.6,100.0,5.0,24.6752335,121.0590723
08BEAC252B9A,2023-06-30,20:02:45,24.0,100.0,3.0,24.6250013,121.1482569
08BEAC245B1C,2023-06-30,20:02:49,28.6,100.0,6.0,24.602338,120.77856
08BEAC25291A,2023-06-30,20:03:04,31.0,100.0,5.0,24.9027334,120.9912667
08BEAC245C4E,2023-06-30,20:03:10,26.0,100.0,7.0,24.374115,120.8436439
08BEAC245F6A,2023-06-30,20:03:37,27.7,100.0,7.0,24.7457187,121.0847249
08BEAC252936,2023-06-30,20:03:39,26.5,100.0,0.0,24.7052738,121.183567
08BEAC245C7A,2023-06-30,20:04:11,28.7,100.0,8.0,24.649751,120.9531952
08BEAC245E02,2023-06-30,20:04:44,29.2,88.0,3.0,24.686842,121.798426
08BEAC245F3C,2023-06-30,20:05:15,28.5,100.0,3.0,24.639860153198,121.83334350585
08BEAC252838,2023-06-30,20:05:21,26.8,100.0,2.0,23.819479,121.473126
08BEAC245D64,2023-06-30,20:05:26,28.8,96.0,1.0,24.62168,121.834905
08BEAC252862,2023-06-30,20:05:45,27.6,100.0,4.0,24.780019,121.180754
08BEAC245F4A,2023-06-30,20:05:49,28.6,100.0,3.0,24.5968,121.841078
08BEAC245E0E,2023-06-30,20:05:51,29.8,100.0,5.0,24.926586,121.018743
08BEAC252820,2023-06-30,20:05:53,31.0,100.0,6.0,24.830241,121.0067357
08BEAC245DA6,2023-06-30,20:05:55,29.0,100.0,1.0,23.4844262,120.4874326
08BEAC245CF6,2023-06-30,20:06:04,28.3,100.0,2.0,23.468906434845,120.46094857156
08BEAC2529F6,2023-06-30,20:06:19,30.1,100.0,6.0,24.905624636868,121.04758657515
08BEAC245ED4,2023-06-30,20:06:25,28.3,100.0,3.0,24.61402,121.853386
08BEAC252C20,2023-06-30,20:07:06,25.7,100.0,2.0,24.574514,121.47802
08BEAC2528CE,2023-06-30,20:07:19,29.1,100.0,3.0,24.7530748,121.7550418
08BEAC252BA0,2023-06-30,20:07:49,28.6,100.0,5.0,24.6752335,121.0590723
08BEAC252B9A,2023-06-30,20:08:01,24.0,100.0,3.0,24.6250013,121.1482569
08BEAC245B1C,2023-06-30,20:08:05,28.6,100.0,5.0,24.602338,120.77856
08BEAC25291A,2023-06-30,20:08:19,31.0,100.0,5.0,24.9027334,120.9912667
08BEAC245C4E,2023-06-30,20:08:25,26.0,100.0,8.0,24.374115,120.8436439
08BEAC245F6A,2023-06-30,20:08:53,27.7,100.0,7.0,24.7457187,121.0847249
08BEAC252936,2023-06-30,20:09:11,26.5,100.0,0.0,24.7052738,121.183567
08BEAC245C7A,2023-06-30,20:09:26,28.6,100.0,8.0,24.649751,120.9531952
08BEAC245E02,2023-06-30,20:09:58,29.1,88.0,3.0,24.686842,121.798426
08BEAC245F3C,2023-06-30,20:10:31,28.5,100.0,2.0,24.639860153198,121.83334350585
08BEAC252838,2023-06-30,20:10:37,26.8,100.0,2.0,23.819479,121.473126
08BEAC245D64,2023-06-30,20:10:40,28.8,95.0,2.0,24.62168,121.834905
08BEAC252AE2,2023-06-30,20:10:46,24.0,100.0,1.0,24.4373287,121.3807443
08BEAC252862,2023-06-30,20:11:00,27.6,100.0,4.0,24.780019,121.180754
08BEAC245F4A,2023-06-30,20:11:04,28.6,100.0,2.0,24.5968,121.841078
08BEAC245E0E,2023-06-30,20:11:08,29.8,100.0,5.0,24.926586,121.018743
08BEAC252820,2023-06-30,20:11:09,31.0,100.0,6.0,24.830241,121.0067357
08BEAC245DA6,2023-06-30,20:11:10,29.0,100.0,1.0,23.4844262,120.4874326
08BEAC245CF6,2023-06-30,20:11:19,28.3,100.0,2.0,23.468906434845,120.46094857156
08BEAC2529F6,2023-06-30,20:11:33,30.0,100.0,5.0,24.905624636868,121.04758657515
08BEAC245ED4,2023-06-30,20:11:40,28.3,100.0,3.0,24.61402,121.853386
08BEAC252C20,2023-06-30,20:12:19,25.8,100.0,2.0,24.574514,121.47802
08BEAC2528CE,2023-06-30,20:12:34,29.1,100.0,3.0,24.7530748,121.7550418
08BEAC252BA0,2023-06-30,20:13:04,28.7,100.0,5.0,24.6752335,121.0590723
08BEAC252B9A,2023-06-30,20:13:17,24.1,100.0,3.0,24.6250013,121.1482569
08BEAC245B1C,2023-06-30,20:13:22,28.6,100.0,5.0,24.602338,120.77856
08BEAC25291A,2023-06-30,20:13:33,31.1,100.0,6.0,24.9027334,120.9912667
08BEAC245C4E,2023-06-30,20:13:40,26.0,100.0,7.0,24.374115,120.8436439
08BEAC245F6A,2023-06-30,20:14:07,27.8,100.0,7.0,24.7457187,121.0847249
08BEAC252936,2023-06-30,20:14:25,26.3,100.0,0.0,24.7052738,121.183567
08BEAC245C7A,2023-06-30,20:14:41,28.5,100.0,8.0,24.649751,120.9531952
08BEAC245E02,2023-06-30,20:15:13,29.1,88.0,3.0,24.686842,121.798426
08BEAC245F3C,2023-06-30,20:15:46,28.5,100.0,2.0,24.639860153198,121.83334350585
08BEAC252838,2023-06-30,20:15:51,26.8,100.0,2.0,23.819479,121.473126
08BEAC245D64,2023-06-30,20:15:55,28.8,96.0,3.0,24.62168,121.834905
08BEAC252AE2,2023-06-30,20:16:02,24.1,100.0,1.0,24.4373287,121.3807443
08BEAC252862,2023-06-30,20:16:16,27.5,100.0,4.0,24.780019,121.180754
08BEAC245F4A,2023-06-30,20:16:20,28.6,100.0,2.0,24.5968,121.841078
08BEAC252820,2023-06-30,20:16:24,30.8,100.0,6.0,24.830241,121.0067357
08BEAC245DA6,2023-06-30,20:16:25,29.0,100.0,1.0,23.4844262,120.4874326
08BEAC245CF6,2023-06-30,20:16:36,28.2,100.0,2.0,23.468906434845,120.46094857156
08BEAC245E0E,2023-06-30,20:16:42,29.8,100.0,5.0,24.926586,121.018743
08BEAC2529F6,2023-06-30,20:16:49,30.1,100.0,6.0,24.905624636868,121.04758657515
08BEAC245ED4,2023-06-30,20:16:57,28.2,100.0,2.0,24.61402,121.853386
08BEAC252C20,2023-06-30,20:17:33,25.8,100.0,2.0,24.574514,121.47802
08BEAC2528CE,2023-06-30,20:17:52,29.0,100.0,3.0,24.7530748,121.7550418
08BEAC252BA0,2023-06-30,20:18:19,28.6,100.0,5.0,24.6752335,121.0590723
08BEAC252B9A,2023-06-30,20:18:33,24.1,100.0,5.0,24.6250013,121.1482569
08BEAC245B1C,2023-06-30,20:18:37,28.6,100.0,5.0,24.602338,120.77856
08BEAC25291A,2023-06-30,20:18:47,31.1,100.0,5.0,24.9027334,120.9912667
08BEAC245C4E,2023-06-30,20:18:55,26.0,100.0,7.0,24.374115,120.8436439
08BEAC245F6A,2023-06-30,20:19:22,27.8,100.0,6.0,24.7457187,121.0847249
08BEAC252936,2023-06-30,20:19:40,26.3,100.0,0.0,24.7052738,121.183567
08BEAC245C7A,2023-06-30,20:19:59,28.5,100.0,7.0,24.649751,120.9531952
08BEAC245E02,2023-06-30,20:20:29,29.1,88.0,3.0,24.686842,121.798426
08BEAC245F3C,2023-06-30,20:21:01,28.3,100.0,2.0,24.639860153198,121.83334350585
08BEAC252838,2023-06-30,20:21:05,26.8,100.0,2.0,23.819479,121.473126
08BEAC245D64,2023-06-30,20:21:08,28.8,95.0,3.0,24.62168,121.834905
08BEAC252AE2,2023-06-30,20:21:18,24.1,100.0,1.0,24.4373287,121.3807443
08BEAC252862,2023-06-30,20:21:32,27.5,100.0,4.0,24.780019,121.180754
08BEAC245F4A,2023-06-30,20:21:35,28.6,100.0,2.0,24.5968,121.841078
08BEAC252820,2023-06-30,20:21:40,30.8,100.0,6.0,24.830241,121.0067357
08BEAC245DA6,2023-06-30,20:21:41,29.0,100.0,1.0,23.4844262,120.4874326
08BEAC245CF6,2023-06-30,20:21:51,28.3,100.0,2.0,23.468906434845,120.46094857156
08BEAC245E0E,2023-06-30,20:21:57,29.8,100.0,5.0,24.926586,121.018743
08BEAC2529F6,2023-06-30,20:22:05,30.1,100.0,5.0,24.905624636868,121.04758657515
08BEAC245ED4,2023-06-30,20:22:10,28.3,100.0,3.0,24.61402,121.853386
08BEAC252C20,2023-06-30,20:22:49,25.8,100.0,1.0,24.574514,121.47802
08BEAC2528CE,2023-06-30,20:23:07,29.0,100.0,3.0,24.7530748,121.7550418
08BEAC252BA0,2023-06-30,20:23:34,28.6,100.0,5.0,24.6752335,121.0590723
08BEAC252B9A,2023-06-30,20:23:47,24.2,100.0,6.0,24.6250013,121.1482569
08BEAC245B1C,2023-06-30,20:23:53,28.6,100.0,4.0,24.602338,120.77856
08BEAC25291A,2023-06-30,20:24:01,31.0,100.0,5.0,24.9027334,120.9912667
08BEAC245C4E,2023-06-30,20:24:11,26.0,100.0,7.0,24.374115,120.8436439
08BEAC245F6A,2023-06-30,20:24:38,27.7,100.0,6.0,24.7457187,121.0847249
08BEAC245C7A,2023-06-30,20:25:13,28.3,100.0,8.0,24.649751,120.9531952
08BEAC252936,2023-06-30,20:25:14,26.3,100.0,0.0,24.7052738,121.183567
08BEAC245E02,2023-06-30,20:25:44,29.1,88.0,3.0,24.686842,121.798426
08BEAC245F3C,2023-06-30,20:26:16,28.3,100.0,2.0,24.639860153198,121.83334350585
08BEAC252838,2023-06-30,20:26:20,26.8,100.0,2.0,23.819479,121.473126
08BEAC245D64,2023-06-30,20:26:22,28.8,95.0,3.0,24.62168,121.834905
08BEAC252AE2,2023-06-30,20:26:36,24.1,100.0,1.0,24.4373287,121.3807443
08BEAC252862,2023-06-30,20:26:46,27.5,100.0,4.0,24.780019,121.180754
08BEAC245F4A,2023-06-30,20:26:49,28.6,100.0,3.0,24.5968,121.841078
08BEAC252820,2023-06-30,20:26:54,30.8,100.0,6.0,24.830241,121.0067357
08BEAC245DA6,2023-06-30,20:26:56,29.0,100.0,1.0,23.4844262,120.4874326
08BEAC245CF6,2023-06-30,20:27:06,28.3,100.0,2.0,23.468906434845,120.46094857156
08BEAC2529F6,2023-06-30,20:27:20,30.1,100.0,5.0,24.905624636868,121.04758657515
08BEAC245E0E,2023-06-30,20:27:31,29.7,100.0,5.0,24.926586,121.018743
08BEAC252C20,2023-06-30,20:28:04,25.8,100.0,1.0,24.574514,121.47802
08BEAC2528CE,2023-06-30,20:28:22,29.1,100.0,4.0,24.7530748,121.7550418
08BEAC252BA0,2023-06-30,20:28:48,28.6,100.0,5.0,24.6752335,121.0590723
08BEAC252B9A,2023-06-30,20:29:03,24.2,100.0,6.0,24.6250013,121.1482569
08BEAC245B1C,2023-06-30,20:29:09,28.6,100.0,4.0,24.602338,120.77856
08BEAC245C4E,2023-06-30,20:29:26,26.0,100.0,7.0,24.374115,120.8436439
08BEAC245F6A,2023-06-30,20:29:53,27.3,100.0,8.0,24.7457187,121.0847249
08BEAC245C7A,2023-06-30,20:30:26,28.3,100.0,8.0,24.649751,120.9531952
08BEAC252936,2023-06-30,20:30:30,26.3,100.0,0.0,24.7052738,121.183567
08BEAC245E02,2023-06-30,20:31:00,29.2,88.0,3.0,24.686842,121.798426
08BEAC245F3C,2023-06-30,20:31:33,28.3,100.0,2.0,24.639860153198,121.83334350585
08BEAC252838,2023-06-30,20:31:36,26.7,100.0,2.0,23.819479,121.473126
08BEAC245D64,2023-06-30,20:31:38,28.8,95.0,2.0,24.62168,121.834905
08BEAC252AE2,2023-06-30,20:31:51,24.0,100.0,1.0,24.4373287,121.3807443
08BEAC252862,2023-06-30,20:31:59,27.3,100.0,4.0,24.780019,121.180754
08BEAC245F4A,2023-06-30,20:32:04,28.7,100.0,3.0,24.5968,121.841078
08BEAC252820,2023-06-30,20:32:09,30.8,100.0,6.0,24.830241,121.0067357
08BEAC245DA6,2023-06-30,20:32:11,29.0,100.0,1.0,23.4844262,120.4874326
08BEAC245CF6,2023-06-30,20:32:20,28.3,100.0,2.0,23.468906434845,120.46094857156
08BEAC245ED4,2023-06-30,20:32:34,28.2,100.0,2.0,24.61402,121.853386
08BEAC2529F6,2023-06-30,20:32:36,30.1,100.0,6.0,24.905624636868,121.04758657515
08BEAC245E0E,2023-06-30,20:32:45,29.6,100.0,5.0,24.926586,121.018743
08BEAC252C20,2023-06-30,20:33:19,25.8,100.0,1.0,24.574514,121.47802
08BEAC2528CE,2023-06-30,20:33:39,29.1,100.0,4.0,24.7530748,121.7550418
08BEAC252BA0,2023-06-30,20:34:03,28.5,100.0,5.0,24.6752335,121.0590723
08BEAC252B9A,2023-06-30,20:34:21,24.2,100.0,4.0,24.6250013,121.1482569
08BEAC245B1C,2023-06-30,20:34:26,28.6,100.0,4.0,24.602338,120.77856
08BEAC25291A,2023-06-30,20:34:26,31.0,100.0,5.0,24.9027334,120.9912667
08BEAC245C4E,2023-06-30,20:34:43,26.0,100.0,7.0,24.374115,120.8436439
08BEAC245F6A,2023-06-30,20:35:08,27.3,100.0,7.0,24.7457187,121.0847249
08BEAC245C7A,2023-06-30,20:35:40,28.3,100.0,8.0,24.649751,120.9531952
08BEAC252936,2023-06-30,20:35:45,26.3,100.0,0.0,24.7052738,121.183567
08BEAC245E02,2023-06-30,20:36:15,29.3,88.0,3.0,24.686842,121.798426
08BEAC245F3C,2023-06-30,20:36:47,28.3,100.0,2.0,24.639860153198,121.83334350585
08BEAC245D64,2023-06-30,20:36:51,28.8,95.0,2.0,24.62168,121.834905
08BEAC252838,2023-06-30,20:36:51,26.6,100.0,2.0,23.819479,121.473126
08BEAC252AE2,2023-06-30,20:37:06,24.1,100.0,1.0,24.4373287,121.3807443
08BEAC252862,2023-06-30,20:37:14,27.3,100.0,4.0,24.780019,121.180754
08BEAC245F4A,2023-06-30,20:37:20,28.7,100.0,3.0,24.5968,121.841078
08BEAC252820,2023-06-30,20:37:23,30.8,100.0,6.0,24.830241,121.0067357
08BEAC245DA6,2023-06-30,20:37:26,28.8,100.0,1.0,23.4844262,120.4874326
08BEAC245CF6,2023-06-30,20:37:36,28.2,100.0,2.0,23.468906434845,120.46094857156
08BEAC245ED4,2023-06-30,20:37:50,28.2,100.0,2.0,24.61402,121.853386
08BEAC2529F6,2023-06-30,20:37:53,30.1,100.0,6.0,24.905624636868,121.04758657515
08BEAC245E0E,2023-06-30,20:38:01,29.6,100.0,5.0,24.926586,121.018743
08BEAC252C20,2023-06-30,20:38:34,25.7,100.0,1.0,24.574514,121.47802
08BEAC2528CE,2023-06-30,20:38:55,29.1,100.0,4.0,24.7530748,121.7550418
08BEAC252BA0,2023-06-30,20:39:18,28.6,100.0,5.0,24.6752335,121.0590723
08BEAC252B9A,2023-06-30,20:39:35,24.3,100.0,5.0,24.6250013,121.1482569
08BEAC245B1C,2023-06-30,20:39:40,28.6,100.0,4.0,24.602338,120.77856
08BEAC25291A,2023-06-30,20:39:44,31.0,100.0,5.0,24.9027334,120.9912667
08BEAC245C4E,2023-06-30,20:39:59,26.1,100.0,6.0,24.374115,120.8436439
08BEAC245F6A,2023-06-30,20:40:25,27.5,100.0,7.0,24.7457187,121.0847249
08BEAC245C7A,2023-06-30,20:40:54,28.3,100.0,8.0,24.649751,120.9531952
08BEAC252936,2023-06-30,20:41:19,26.3,100.0,0.0,24.7052738,121.183567
08BEAC245E02,2023-06-30,20:41:30,29.3,87.0,3.0,24.686842,121.798426
08BEAC245F3C,2023-06-30,20:42:03,28.3,100.0,2.0,24.639860153198,121.83334350585
08BEAC252838,2023-06-30,20:42:06,26.5,100.0,2.0,23.819479,121.473126
08BEAC245D64,2023-06-30,20:42:09,28.8,96.0,3.0,24.62168,121.834905
08BEAC252AE2,2023-06-30,20:42:20,24.2,100.0,1.0,24.4373287,121.3807443
08BEAC252862,2023-06-30,20:42:29,27.5,100.0,4.0,24.780019,121.180754
08BEAC245F4A,2023-06-30,20:42:36,28.7,100.0,4.0,24.5968,121.841078
08BEAC252820,2023-06-30,20:42:38,30.8,100.0,5.0,24.830241,121.0067357
08BEAC245DA6,2023-06-30,20:42:43,28.7,100.0,1.0,23.4844262,120.4874326
08BEAC245CF6,2023-06-30,20:42:49,28.2,100.0,3.0,23.468906434845,120.46094857156
08BEAC245ED4,2023-06-30,20:43:04,28.2,100.0,2.0,24.61402,121.853386
08BEAC2529F6,2023-06-30,20:43:07,30.1,100.0,6.0,24.905624636868,121.04758657515
08BEAC245E0E,2023-06-30,20:43:32,29.6,100.0,5.0,24.926586,121.018743
08BEAC252C20,2023-06-30,20:43:49,25.7,100.0,1.0,24.574514,121.47802
08BEAC2528CE,2023-06-30,20:44:13,29.1,100.0,4.0,24.7530748,121.7550418
08BEAC252BA0,2023-06-30,20:44:34,28.6,100.0,5.0,24.6752335,121.0590723
08BEAC252B9A,2023-06-30,20:44:50,24.3,100.0,6.0,24.6250013,121.1482569
08BEAC245B1C,2023-06-30,20:44:56,28.6,100.0,4.0,24.602338,120.77856
08BEAC25291A,2023-06-30,20:45:02,31.0,100.0,5.0,24.9027334,120.9912667
08BEAC245C4E,2023-06-30,20:45:13,26.1,100.0,6.0,24.374115,120.8436439
08BEAC245F6A,2023-06-30,20:45:39,27.5,100.0,6.0,24.7457187,121.0847249
08BEAC245C7A,2023-06-30,20:46:08,28.5,100.0,8.0,24.649751,120.9531952
08BEAC252936,2023-06-30,20:46:34,26.3,100.0,0.0,24.7052738,121.183567
08BEAC245E02,2023-06-30,20:46:45,29.3,87.0,3.0,24.686842,121.798426
08BEAC245F3C,2023-06-30,20:47:18,28.3,100.0,2.0,24.639860153198,121.83334350585
08BEAC252838,2023-06-30,20:47:22,26.5,100.0,1.0,23.819479,121.473126
08BEAC245D64,2023-06-30,20:47:23,28.8,95.0,3.0,24.62168,121.834905
08BEAC252AE2,2023-06-30,20:47:35,24.0,100.0,1.0,24.4373287,121.3807443
08BEAC252862,2023-06-30,20:47:43,27.3,100.0,4.0,24.780019,121.180754
08BEAC245F4A,2023-06-30,20:47:50,28.6,100.0,4.0,24.5968,121.841078
08BEAC252820,2023-06-30,20:47:53,30.8,100.0,6.0,24.830241,121.0067357
08BEAC245DA6,2023-06-30,20:47:59,28.6,100.0,1.0,23.4844262,120.4874326
08BEAC245CF6,2023-06-30,20:48:05,28.2,100.0,2.0,23.468906434845,120.46094857156
08BEAC245ED4,2023-06-30,20:48:21,28.2,100.0,2.0,24.61402,121.853386
08BEAC2529F6,2023-06-30,20:48:23,30.2,100.0,5.0,24.905624636868,121.04758657515
08BEAC245E0E,2023-06-30,20:48:49,29.7,100.0,5.0,24.926586,121.018743
08BEAC252C20,2023-06-30,20:49:04,25.7,100.0,1.0,24.574514,121.47802
08BEAC2528CE,2023-06-30,20:49:29,29.1,100.0,3.0,24.7530748,121.7550418
08BEAC252BA0,2023-06-30,20:49:49,28.6,100.0,5.0,24.6752335,121.0590723
08BEAC252B9A,2023-06-30,20:50:05,24.3,100.0,6.0,24.6250013,121.1482569
08BEAC245B1C,2023-06-30,20:50:12,28.6,100.0,4.0,24.602338,120.77856
08BEAC25291A,2023-06-30,20:50:19,30.8,100.0,5.0,24.9027334,120.9912667
08BEAC245C4E,2023-06-30,20:50:30,26.1,100.0,6.0,24.374115,120.8436439
08BEAC245F6A,2023-06-30,20:50:54,27.5,100.0,5.0,24.7457187,121.0847249
08BEAC245C7A,2023-06-30,20:51:23,28.6,100.0,8.0,24.649751,120.9531952
08BEAC252936,2023-06-30,20:51:49,26.3,100.0,0.0,24.7052738,121.183567
08BEAC245E02,2023-06-30,20:52:01,29.3,88.0,3.0,24.686842,121.798426
08BEAC245F3C,2023-06-30,20:52:35,28.3,100.0,2.0,24.639860153198,121.83334350585
08BEAC252838,2023-06-30,20:52:37,26.6,100.0,1.0,23.819479,121.473126
08BEAC245D64,2023-06-30,20:52:41,28.7,96.0,3.0,24.62168,121.834905
08BEAC252AE2,2023-06-30,20:52:50,24.0,100.0,1.0,24.4373287,121.3807443
08BEAC252862,2023-06-30,20:52:59,27.3,100.0,4.0,24.780019,121.180754
08BEAC245F4A,2023-06-30,20:53:05,28.6,100.0,3.0,24.5968,121.841078
08BEAC252820,2023-06-30,20:53:08,30.7,100.0,6.0,24.830241,121.0067357
08BEAC245DA6,2023-06-30,20:53:14,28.5,100.0,1.0,23.4844262,120.4874326
08BEAC245CF6,2023-06-30,20:53:21,28.3,100.0,3.0,23.468906434845,120.46094857156
08BEAC245ED4,2023-06-30,20:53:37,28.2,100.0,3.0,24.61402,121.853386
08BEAC2529F6,2023-06-30,20:53:37,30.1,100.0,6.0,24.905624636868,121.04758657515
08BEAC245E0E,2023-06-30,20:54:04,29.7,100.0,5.0,24.926586,121.018743
08BEAC252C20,2023-06-30,20:54:20,25.7,100.0,1.0,24.574514,121.47802
08BEAC2528CE,2023-06-30,20:55:04,29.2,100.0,3.0,24.7530748,121.7550418
08BEAC252BA0,2023-06-30,20:55:04,28.6,100.0,4.0,24.6752335,121.0590723
08BEAC252B9A,2023-06-30,20:55:20,24.2,100.0,4.0,24.6250013,121.1482569
08BEAC245B1C,2023-06-30,20:55:27,28.7,100.0,4.0,24.602338,120.77856
08BEAC25291A,2023-06-30,20:55:34,30.8,100.0,5.0,24.9027334,120.9912667
08BEAC245C4E,2023-06-30,20:55:44,26.0,100.0,6.0,24.374115,120.8436439
08BEAC245F6A,2023-06-30,20:56:08,27.5,100.0,5.0,24.7457187,121.0847249
08BEAC245C7A,2023-06-30,20:56:40,28.6,100.0,8.0,24.649751,120.9531952
08BEAC252936,2023-06-30,20:57:03,26.3,100.0,0.0,24.7052738,121.183567
08BEAC245E02,2023-06-30,20:57:14,29.2,88.0,3.0,24.686842,121.798426
08BEAC245F3C,2023-06-30,20:57:48,28.3,100.0,2.0,24.639860153198,121.83334350585
08BEAC252838,2023-06-30,20:57:52,26.7,100.0,1.0,23.819479,121.473126
08BEAC245D64,2023-06-30,20:57:57,28.8,96.0,2.0,24.62168,121.834905
08BEAC252AE2,2023-06-30,20:58:06,24.0,100.0,1.0,24.4373287,121.3807443
08BEAC252862,2023-06-30,20:58:15,27.3,100.0,4.0,24.780019,121.180754
08BEAC245F4A,2023-06-30,20:58:19,28.6,100.0,3.0,24.5968,121.841078
08BEAC252820,2023-06-30,20:58:21,30.7,100.0,6.0,24.830241,121.0067357
08BEAC245DA6,2023-06-30,20:58:29,28.5,100.0,1.0,23.4844262,120.4874326
08BEAC245CF6,2023-06-30,20:58:37,28.2,100.0,3.0,23.468906434845,120.46094857156
08BEAC245ED4,2023-06-30,20:58:51,28.1,100.0,2.0,24.61402,121.853386
08BEAC2529F6,2023-06-30,20:58:55,30.1,100.0,6.0,24.905624636868,121.04758657515
08BEAC245E0E,2023-06-30,20:59:20,29.6,100.0,5.0,24.926586,121.018743
08BEAC252C20,2023-06-30,20:59:35,25.8,100.0,1.0,24.574514,121.47802
08BEAC2528CE,2023-06-30,21:00:20,29.2,100.0,4.0,24.7530748,121.7550418
08BEAC252BA0,2023-06-30,21:00:20,28.6,100.0,5.0,24.6752335,121.0590723
08BEAC252B9A,2023-06-30,21:00:35,24.2,100.0,4.0,24.6250013,121.1482569
08BEAC245B1C,2023-06-30,21:00:40,28.7,100.0,4.0,24.602338,120.77856
08BEAC25291A,2023-06-30,21:00:49,30.8,100.0,5.0,24.9027334,120.9912667
08BEAC245C4E,2023-06-30,21:00:58,26.1,100.0,6.0,24.374115,120.8436439
08BEAC245F6A,2023-06-30,21:01:23,27.6,100.0,5.0,24.7457187,121.0847249
08BEAC245C7A,2023-06-30,21:01:56,28.6,100.0,8.0,24.649751,120.9531952
08BEAC252936,2023-06-30,21:02:21,26.3,100.0,0.0,24.7052738,121.183567
08BEAC245E02,2023-06-30,21:02:28,29.2,88.0,3.0,24.686842,121.798426
08BEAC245F3C,2023-06-30,21:03:05,28.2,100.0,2.0,24.639860153198,121.83334350585
08BEAC252838,2023-06-30,21:03:07,26.6,100.0,1.0,23.819479,121.473126
08BEAC245D64,2023-06-30,21:03:12,28.8,96.0,2.0,24.62168,121.834905
08BEAC252AE2,2023-06-30,21:03:21,24.0,100.0,0.0,24.4373287,121.3807443
08BEAC252862,2023-06-30,21:03:29,27.2,100.0,4.0,24.780019,121.180754
08BEAC245F4A,2023-06-30,21:03:34,28.5,100.0,3.0,24.5968,121.841078
08BEAC252820,2023-06-30,21:03:37,30.6,100.0,5.0,24.830241,121.0067357
08BEAC245DA6,2023-06-30,21:03:44,28.5,100.0,1.0,23.4844262,120.4874326
08BEAC245CF6,2023-06-30,21:03:51,28.2,100.0,2.0,23.468906434845,120.46094857156
08BEAC245ED4,2023-06-30,21:04:07,28.1,100.0,2.0,24.61402,121.853386
08BEAC2529F6,2023-06-30,21:04:09,30.1,100.0,6.0,24.905624636868,121.04758657515
08BEAC245E0E,2023-06-30,21:04:34,29.6,100.0,5.0,24.926586,121.018743
08BEAC252C20,2023-06-30,21:04:50,25.8,100.0,1.0,24.574514,121.47802
08BEAC252BA0,2023-06-30,21:05:36,28.6,100.0,4.0,24.6752335,121.0590723
08BEAC2528CE,2023-06-30,21:05:43,29.2,100.0,4.0,24.7530748,121.7550418
08BEAC252B9A,2023-06-30,21:05:52,24.1,100.0,4.0,24.6250013,121.1482569
08BEAC245B1C,2023-06-30,21:05:55,28.7,100.0,4.0,24.602338,120.77856
08BEAC25291A,2023-06-30,21:06:03,30.8,100.0,5.0,24.9027334,120.9912667
08BEAC245C4E,2023-06-30,21:06:16,26.2,100.0,6.0,24.374115,120.8436439
08BEAC245F6A,2023-06-30,21:06:39,27.6,100.0,5.0,24.7457187,121.0847249
08BEAC245C7A,2023-06-30,21:07:12,28.5,100.0,8.0,24.649751,120.9531952
08BEAC252936,2023-06-30,21:07:36,26.3,100.0,0.0,24.7052738,121.183567
08BEAC245E02,2023-06-30,21:07:44,29.3,88.0,3.0,24.686842,121.798426
08BEAC245F3C,2023-06-30,21:08:18,28.3,100.0,3.0,24.639860153198,121.83334350585
08BEAC252838,2023-06-30,21:08:22,26.3,100.0,1.0,23.819479,121.473126
08BEAC245D64,2023-06-30,21:08:27,28.8,96.0,3.0,24.62168,121.834905
08BEAC252AE2,2023-06-30,21:08:36,24.1,100.0,1.0,24.4373287,121.3807443
08BEAC252862,2023-06-30,21:08:44,27.3,100.0,4.0,24.780019,121.180754
08BEAC245F4A,2023-06-30,21:08:49,28.6,100.0,3.0,24.5968,121.841078
08BEAC252820,2023-06-30,21:08:52,30.5,100.0,5.0,24.830241,121.0067357
08BEAC245DA6,2023-06-30,21:08:59,28.5,100.0,1.0,23.4844262,120.4874326
08BEAC245CF6,2023-06-30,21:09:06,28.1,100.0,2.0,23.468906434845,120.46094857156
08BEAC245ED4,2023-06-30,21:09:21,28.1,100.0,2.0,24.61402,121.853386
08BEAC2529F6,2023-06-30,21:09:24,30.0,100.0,6.0,24.905624636868,121.04758657515
08BEAC245E0E,2023-06-30,21:09:52,29.6,100.0,5.0,24.926586,121.018743
08BEAC252C20,2023-06-30,21:10:05,25.7,100.0,1.0,24.574514,121.47802
08BEAC252BA0,2023-06-30,21:10:57,28.6,100.0,5.0,24.6752335,121.0590723
08BEAC2528CE,2023-06-30,21:10:59,29.0,100.0,4.0,24.7530748,121.7550418
08BEAC252B9A,2023-06-30,21:11:07,24.0,100.0,4.0,24.6250013,121.1482569
08BEAC245B1C,2023-06-30,21:11:09,28.7,100.0,4.0,24.602338,120.77856
08BEAC25291A,2023-06-30,21:11:17,30.8,100.0,5.0,24.9027334,120.9912667
08BEAC245C4E,2023-06-30,21:11:31,26.2,100.0,6.0,24.374115,120.8436439
08BEAC245F6A,2023-06-30,21:11:54,27.7,100.0,5.0,24.7457187,121.0847249
08BEAC245C7A,2023-06-30,21:12:26,28.3,100.0,8.0,24.649751,120.9531952
08BEAC252936,2023-06-30,21:12:51,26.3,100.0,0.0,24.7052738,121.183567
08BEAC245E02,2023-06-30,21:13:02,29.3,88.0,3.0,24.686842,121.798426
08BEAC245F3C,2023-06-30,21:13:33,28.3,100.0,3.0,24.639860153198,121.83334350585
08BEAC252838,2023-06-30,21:13:35,26.2,100.0,1.0,23.819479,121.473126
08BEAC245D64,2023-06-30,21:13:41,28.8,96.0,2.0,24.62168,121.834905
08BEAC252AE2,2023-06-30,21:13:51,24.1,100.0,1.0,24.4373287,121.3807443
08BEAC252862,2023-06-30,21:14:00,27.3,100.0,5.0,24.780019,121.180754
08BEAC245F4A,2023-06-30,21:14:05,28.5,100.0,3.0,24.5968,121.841078
08BEAC252820,2023-06-30,21:14:10,30.6,100.0,5.0,24.830241,121.0067357
08BEAC245DA6,2023-06-30,21:14:14,28.3,100.0,1.0,23.4844262,120.4874326
08BEAC245CF6,2023-06-30,21:14:21,28.1,100.0,2.0,23.468906434845,120.46094857156
08BEAC245ED4,2023-06-30,21:14:37,28.1,100.0,3.0,24.61402,121.853386
08BEAC2529F6,2023-06-30,21:14:38,30.0,100.0,6.0,24.905624636868,121.04758657515
08BEAC245E0E,2023-06-30,21:15:07,29.5,100.0,5.0,24.926586,121.018743
08BEAC252C20,2023-06-30,21:15:21,25.7,100.0,1.0,24.574514,121.47802
08BEAC252BA0,2023-06-30,21:16:12,28.6,100.0,4.0,24.6752335,121.0590723
08BEAC2528CE,2023-06-30,21:16:15,29.0,100.0,4.0,24.7530748,121.7550418
08BEAC252B9A,2023-06-30,21:16:23,23.8,100.0,4.0,24.6250013,121.1482569
08BEAC25291A,2023-06-30,21:16:32,30.7,100.0,5.0,24.9027334,120.9912667
08BEAC245C4E,2023-06-30,21:16:48,26.2,100.0,6.0,24.374115,120.8436439
08BEAC245F6A,2023-06-30,21:17:09,27.6,100.0,6.0,24.7457187,121.0847249
08BEAC245C7A,2023-06-30,21:17:39,28.3,100.0,8.0,24.649751,120.9531952
08BEAC252936,2023-06-30,21:18:05,26.3,100.0,0.0,24.7052738,121.183567
08BEAC245E02,2023-06-30,21:18:16,29.3,88.0,2.0,24.686842,121.798426
08BEAC245F3C,2023-06-30,21:18:48,28.3,100.0,3.0,24.639860153198,121.83334350585
08BEAC252838,2023-06-30,21:18:51,26.3,100.0,1.0,23.819479,121.473126
08BEAC252AE2,2023-06-30,21:19:08,24.0,100.0,0.0,24.4373287,121.3807443
08BEAC252862,2023-06-30,21:19:14,27.5,100.0,4.0,24.780019,121.180754
08BEAC245F4A,2023-06-30,21:19:18,28.5,100.0,3.0,24.5968,121.841078
08BEAC252820,2023-06-30,21:19:25,30.6,100.0,5.0,24.830241,121.0067357
08BEAC245DA6,2023-06-30,21:19:29,28.3,100.0,1.0,23.4844262,120.4874326
08BEAC245CF6,2023-06-30,21:19:35,28.0,100.0,2.0,23.468906434845,120.46094857156
08BEAC245ED4,2023-06-30,21:19:53,28.0,100.0,3.0,24.61402,121.853386
08BEAC2529F6,2023-06-30,21:19:54,30.0,100.0,6.0,24.905624636868,121.04758657515
08BEAC245E0E,2023-06-30,21:20:25,29.5,100.0,6.0,24.926586,121.018743
08BEAC252C20,2023-06-30,21:20:37,25.7,100.0,1.0,24.574514,121.47802
08BEAC252BA0,2023-06-30,21:21:28,28.5,100.0,5.0,24.6752335,121.0590723
08BEAC2528CE,2023-06-30,21:21:31,29.0,100.0,4.0,24.7530748,121.7550418
08BEAC245B1C,2023-06-30,21:21:33,28.8,100.0,4.0,24.602338,120.77856
08BEAC252B9A,2023-06-30,21:21:38,23.7,100.0,4.0,24.6250013,121.1482569
08BEAC25291A,2023-06-30,21:21:48,30.8,100.0,5.0,24.9027334,120.9912667
08BEAC245C4E,2023-06-30,21:22:03,26.1,100.0,6.0,24.374115,120.8436439
08BEAC245F6A,2023-06-30,21:22:23,27.5,100.0,7.0,24.7457187,121.0847249
08BEAC245C7A,2023-06-30,21:22:56,28.3,100.0,7.0,24.649751,120.9531952
08BEAC252936,2023-06-30,21:23:19,26.3,100.0,0.0,24.7052738,121.183567
08BEAC245E02,2023-06-30,21:23:32,29.5,87.0,2.0,24.686842,121.798426
08BEAC245F3C,2023-06-30,21:24:02,28.3,100.0,4.0,24.639860153198,121.83334350585
08BEAC245D64,2023-06-30,21:24:07,28.7,96.0,2.0,24.62168,121.834905
08BEAC252838,2023-06-30,21:24:07,26.5,100.0,1.0,23.819479,121.473126
08BEAC252AE2,2023-06-30,21:24:23,24.1,100.0,0.0,24.4373287,121.3807443
08BEAC252862,2023-06-30,21:24:29,27.5,100.0,4.0,24.780019,121.180754
08BEAC245F4A,2023-06-30,21:24:34,28.5,100.0,4.0,24.5968,121.841078
08BEAC252820,2023-06-30,21:24:39,30.7,100.0,5.0,24.830241,121.0067357
08BEAC245DA6,2023-06-30,21:24:44,28.5,100.0,1.0,23.4844262,120.4874326
08BEAC245CF6,2023-06-30,21:24:51,28.0,100.0,2.0,23.468906434845,120.46094857156
08BEAC245ED4,2023-06-30,21:25:07,28.0,100.0,3.0,24.61402,121.853386
08BEAC2529F6,2023-06-30,21:25:09,30.0,100.0,5.0,24.905624636868,121.04758657515
08BEAC245E0E,2023-06-30,21:25:39,29.5,100.0,5.0,24.926586,121.018743
08BEAC252C20,2023-06-30,21:25:51,25.7,100.0,1.0,24.574514,121.47802
08BEAC252BA0,2023-06-30,21:26:43,28.5,100.0,5.0,24.6752335,121.0590723
08BEAC2528CE,2023-06-30,21:26:47,29.0,100.0,4.0,24.7530748,121.7550418
08BEAC245B1C,2023-06-30,21:26:51,28.8,100.0,4.0,24.602338,120.77856
08BEAC252B9A,2023-06-30,21:26:54,23.7,100.0,4.0,24.6250013,121.1482569
08BEAC25291A,2023-06-30,21:27:03,30.8,100.0,6.0,24.9027334,120.9912667
08BEAC245C4E,2023-06-30,21:27:18,26.1,100.0,6.0,24.374115,120.8436439
08BEAC245F6A,2023-06-30,21:27:38,27.6,100.0,8.0,24.7457187,121.0847249
08BEAC245C7A,2023-06-30,21:28:11,28.3,100.0,7.0,24.649751,120.9531952
08BEAC252936,2023-06-30,21:28:35,26.3,100.0,0.0,24.7052738,121.183567
08BEAC245E02,2023-06-30,21:28:46,29.5,87.0,2.0,24.686842,121.798426
08BEAC245F3C,2023-06-30,21:29:18,28.3,100.0,3.0,24.639860153198,121.83334350585
08BEAC252838,2023-06-30,21:29:22,26.7,100.0,1.0,23.819479,121.473126
08BEAC245D64,2023-06-30,21:29:25,28.7,96.0,2.0,24.62168,121.834905
08BEAC252AE2,2023-06-30,21:29:39,24.0,100.0,0.0,24.4373287,121.3807443
08BEAC252862,2023-06-30,21:29:44,27.5,100.0,5.0,24.780019,121.180754
08BEAC245F4A,2023-06-30,21:29:49,28.6,100.0,3.0,24.5968,121.841078
08BEAC252820,2023-06-30,21:29:54,30.8,100.0,5.0,24.830241,121.0067357
08BEAC245DA6,2023-06-30,21:30:02,28.3,100.0,1.0,23.4844262,120.4874326
08BEAC245CF6,2023-06-30,21:30:07,27.8,100.0,2.0,23.468906434845,120.46094857156
08BEAC245ED4,2023-06-30,21:30:23,28.0,100.0,3.0,24.61402,121.853386
08BEAC2529F6,2023-06-30,21:30:24,30.0,100.0,5.0,24.905624636868,121.04758657515
08BEAC245E0E,2023-06-30,21:30:54,29.3,100.0,5.0,24.926586,121.018743
08BEAC252C20,2023-06-30,21:31:06,25.6,100.0,1.0,24.574514,121.47802
08BEAC252BA0,2023-06-30,21:31:56,28.3,100.0,5.0,24.6752335,121.0590723
08BEAC2528CE,2023-06-30,21:32:03,29.0,100.0,3.0,24.7530748,121.7550418
08BEAC245B1C,2023-06-30,21:32:07,28.7,100.0,4.0,24.602338,120.77856
08BEAC252B9A,2023-06-30,21:32:10,23.7,100.0,4.0,24.6250013,121.1482569
08BEAC25291A,2023-06-30,21:32:18,30.8,100.0,6.0,24.9027334,120.9912667
08BEAC245C4E,2023-06-30,21:32:32,26.0,100.0,7.0,24.374115,120.8436439
08BEAC245F6A,2023-06-30,21:32:52,27.8,100.0,8.0,24.7457187,121.0847249
08BEAC245C7A,2023-06-30,21:33:25,28.5,100.0,7.0,24.649751,120.9531952
08BEAC252936,2023-06-30,21:33:51,26.3,100.0,0.0,24.7052738,121.183567
08BEAC245E02,2023-06-30,21:33:59,29.3,87.0,2.0,24.686842,121.798426
08BEAC245F3C,2023-06-30,21:34:36,28.3,100.0,5.0,24.639860153198,121.83334350585
08BEAC252838,2023-06-30,21:34:39,26.7,100.0,1.0,23.819479,121.473126
08BEAC245D64,2023-06-30,21:34:41,28.7,96.0,4.0,24.62168,121.834905
08BEAC252AE2,2023-06-30,21:34:54,24.0,100.0,0.0,24.4373287,121.3807443
08BEAC252862,2023-06-30,21:34:58,27.5,100.0,5.0,24.780019,121.180754
08BEAC245F4A,2023-06-30,21:35:03,28.5,100.0,3.0,24.5968,121.841078
08BEAC252820,2023-06-30,21:35:10,30.7,100.0,6.0,24.830241,121.0067357
08BEAC245DA6,2023-06-30,21:35:16,28.3,100.0,1.0,23.4844262,120.4874326
08BEAC245CF6,2023-06-30,21:35:23,28.0,100.0,2.0,23.468906434845,120.46094857156
08BEAC245ED4,2023-06-30,21:35:40,27.8,100.0,3.0,24.61402,121.853386
08BEAC2529F6,2023-06-30,21:35:41,29.8,100.0,5.0,24.905624636868,121.04758657515
08BEAC245E0E,2023-06-30,21:36:09,29.5,100.0,5.0,24.926586,121.018743
08BEAC252C20,2023-06-30,21:36:20,25.6,100.0,1.0,24.574514,121.47802
08BEAC252BA0,2023-06-30,21:37:12,28.5,100.0,5.0,24.6752335,121.0590723
08BEAC2528CE,2023-06-30,21:37:22,28.8,100.0,3.0,24.7530748,121.7550418
08BEAC245B1C,2023-06-30,21:37:25,28.7,100.0,4.0,24.602338,120.77856
08BEAC252B9A,2023-06-30,21:37:25,23.6,100.0,5.0,24.6250013,121.1482569
08BEAC25291A,2023-06-30,21:37:34,30.8,100.0,5.0,24.9027334,120.9912667
08BEAC245C4E,2023-06-30,21:37:49,26.0,100.0,6.0,24.374115,120.8436439
08BEAC245F6A,2023-06-30,21:38:06,27.8,100.0,7.0,24.7457187,121.0847249
08BEAC245C7A,2023-06-30,21:38:40,28.5,100.0,7.0,24.649751,120.9531952
08BEAC252936,2023-06-30,21:39:06,26.3,100.0,0.0,24.7052738,121.183567
08BEAC245E02,2023-06-30,21:39:14,29.2,88.0,2.0,24.686842,121.798426
08BEAC245F3C,2023-06-30,21:39:52,28.3,100.0,11.0,24.639860153198,121.83334350585
08BEAC252838,2023-06-30,21:39:54,26.7,100.0,1.0,23.819479,121.473126
08BEAC245D64,2023-06-30,21:39:57,28.7,96.0,4.0,24.62168,121.834905
08BEAC252AE2,2023-06-30,21:40:08,24.0,100.0,0.0,24.4373287,121.3807443
08BEAC252862,2023-06-30,21:40:13,27.5,100.0,4.0,24.780019,121.180754
08BEAC245F4A,2023-06-30,21:40:20,28.6,100.0,3.0,24.5968,121.841078
08BEAC252820,2023-06-30,21:40:24,30.8,100.0,6.0,24.830241,121.0067357
08BEAC245DA6,2023-06-30,21:40:30,28.3,100.0,1.0,23.4844262,120.4874326
08BEAC245CF6,2023-06-30,21:40:38,28.0,100.0,2.0,23.468906434845,120.46094857156
08BEAC245ED4,2023-06-30,21:40:54,28.0,100.0,3.0,24.61402,121.853386
08BEAC2529F6,2023-06-30,21:40:55,29.8,100.0,4.0,24.905624636868,121.04758657515
08BEAC245E0E,2023-06-30,21:41:23,29.5,100.0,5.0,24.926586,121.018743
08BEAC252C20,2023-06-30,21:41:35,25.7,100.0,1.0,24.574514,121.47802
08BEAC252BA0,2023-06-30,21:42:27,28.5,100.0,5.0,24.6752335,121.0590723
08BEAC2528CE,2023-06-30,21:42:38,28.7,100.0,3.0,24.7530748,121.7550418
08BEAC245B1C,2023-06-30,21:42:40,28.7,100.0,4.0,24.602338,120.77856
08BEAC252B9A,2023-06-30,21:42:41,23.6,100.0,4.0,24.6250013,121.1482569
08BEAC25291A,2023-06-30,21:42:49,30.8,100.0,5.0,24.9027334,120.9912667
08BEAC245C4E,2023-06-30,21:43:04,26.0,100.0,6.0,24.374115,120.8436439
08BEAC245F6A,2023-06-30,21:43:19,27.7,100.0,7.0,24.7457187,121.0847249
08BEAC245C7A,2023-06-30,21:43:55,28.6,100.0,7.0,24.649751,120.9531952
08BEAC252936,2023-06-30,21:44:20,26.3,100.0,0.0,24.7052738,121.183567
08BEAC245E02,2023-06-30,21:44:30,29.3,88.0,2.0,24.686842,121.798426
08BEAC245F3C,2023-06-30,21:45:06,28.3,100.0,16.0,24.639860153198,121.83334350585
08BEAC252838,2023-06-30,21:45:10,26.5,100.0,1.0,23.819479,121.473126
08BEAC245D64,2023-06-30,21:45:12,28.7,96.0,3.0,24.62168,121.834905
08BEAC252AE2,2023-06-30,21:45:22,24.0,100.0,0.0,24.4373287,121.3807443
08BEAC252862,2023-06-30,21:45:28,27.5,100.0,5.0,24.780019,121.180754
08BEAC245F4A,2023-06-30,21:45:35,28.6,100.0,3.0,24.5968,121.841078
08BEAC252820,2023-06-30,21:45:38,30.7,100.0,6.0,24.830241,121.0067357
08BEAC245DA6,2023-06-30,21:45:45,28.2,100.0,1.0,23.4844262,120.4874326
08BEAC245CF6,2023-06-30,21:45:52,28.0,100.0,2.0,23.468906434845,120.46094857156
08BEAC245ED4,2023-06-30,21:46:09,28.0,100.0,3.0,24.61402,121.853386
08BEAC2529F6,2023-06-30,21:46:10,29.8,100.0,4.0,24.905624636868,121.04758657515
08BEAC245E0E,2023-06-30,21:46:38,29.6,100.0,4.0,24.926586,121.018743
08BEAC252C20,2023-06-30,21:46:49,25.7,100.0,1.0,24.574514,121.47802
08BEAC252BA0,2023-06-30,21:47:42,28.6,100.0,5.0,24.6752335,121.0590723
08BEAC2528CE,2023-06-30,21:47:55,28.7,100.0,3.0,24.7530748,121.7550418
08BEAC245B1C,2023-06-30,21:47:56,28.7,100.0,4.0,24.602338,120.77856
08BEAC252B9A,2023-06-30,21:47:58,23.7,100.0,4.0,24.6250013,121.1482569
08BEAC25291A,2023-06-30,21:48:04,30.8,100.0,5.0,24.9027334,120.9912667
08BEAC245C4E,2023-06-30,21:48:19,26.0,100.0,6.0,24.374115,120.8436439
08BEAC245F6A,2023-06-30,21:48:34,27.5,100.0,6.0,24.7457187,121.0847249
08BEAC245C7A,2023-06-30,21:49:10,28.7,100.0,7.0,24.649751,120.9531952
08BEAC252936,2023-06-30,21:49:35,26.3,100.0,0.0,24.7052738,121.183567
08BEAC245E02,2023-06-30,21:49:45,29.3,87.0,2.0,24.686842,121.798426
08BEAC245F3C,2023-06-30,21:50:22,28.3,100.0,9.0,24.639860153198,121.83334350585
08BEAC252838,2023-06-30,21:50:25,26.7,100.0,2.0,23.819479,121.473126
08BEAC245D64,2023-06-30,21:50:26,28.7,96.0,3.0,24.62168,121.834905
08BEAC252AE2,2023-06-30,21:50:38,23.8,100.0,1.0,24.4373287,121.3807443
08BEAC252862,2023-06-30,21:50:43,27.3,100.0,5.0,24.780019,121.180754
08BEAC245F4A,2023-06-30,21:50:50,28.6,100.0,3.0,24.5968,121.841078
08BEAC252820,2023-06-30,21:50:54,30.7,100.0,6.0,24.830241,121.0067357
08BEAC245DA6,2023-06-30,21:51:01,28.2,100.0,1.0,23.4844262,120.4874326
08BEAC245CF6,2023-06-30,21:51:08,28.1,100.0,2.0,23.468906434845,120.46094857156
08BEAC245ED4,2023-06-30,21:51:24,28.1,100.0,3.0,24.61402,121.853386
08BEAC2529F6,2023-06-30,21:51:25,29.8,100.0,4.0,24.905624636868,121.04758657515
08BEAC245E0E,2023-06-30,21:51:51,29.6,100.0,4.0,24.926586,121.018743
08BEAC252C20,2023-06-30,21:52:04,25.7,100.0,1.0,24.574514,121.47802
08BEAC252BA0,2023-06-30,21:52:57,28.5,100.0,5.0,24.6752335,121.0590723
08BEAC2528CE,2023-06-30,21:53:09,28.7,100.0,3.0,24.7530748,121.7550418
08BEAC245B1C,2023-06-30,21:53:12,28.6,100.0,4.0,24.602338,120.77856
08BEAC252B9A,2023-06-30,21:53:12,23.7,100.0,4.0,24.6250013,121.1482569
08BEAC25291A,2023-06-30,21:53:19,30.8,100.0,4.0,24.9027334,120.9912667
08BEAC245C4E,2023-06-30,21:53:34,26.1,100.0,6.0,24.374115,120.8436439
08BEAC245F6A,2023-06-30,21:53:48,27.5,100.0,6.0,24.7457187,121.0847249
08BEAC245C7A,2023-06-30,21:54:26,28.7,100.0,7.0,24.649751,120.9531952
08BEAC252936,2023-06-30,21:54:50,26.3,100.0,0.0,24.7052738,121.183567
08BEAC245E02,2023-06-30,21:54:59,29.3,87.0,2.0,24.686842,121.798426
08BEAC245F3C,2023-06-30,21:55:37,28.3,100.0,5.0,24.639860153198,121.83334350585
08BEAC252838,2023-06-30,21:55:39,26.7,100.0,2.0,23.819479,121.473126
08BEAC245D64,2023-06-30,21:55:41,28.7,96.0,3.0,24.62168,121.834905
08BEAC252AE2,2023-06-30,21:55:52,23.8,100.0,0.0,24.4373287,121.3807443
08BEAC252862,2023-06-30,21:55:57,27.5,100.0,4.0,24.780019,121.180754
08BEAC245F4A,2023-06-30,21:56:04,28.6,100.0,3.0,24.5968,121.841078
08BEAC252820,2023-06-30,21:56:07,30.8,100.0,6.0,24.830241,121.0067357
08BEAC245DA6,2023-06-30,21:56:16,28.1,100.0,1.0,23.4844262,120.4874326
08BEAC245CF6,2023-06-30,21:56:22,28.1,100.0,2.0,23.468906434845,120.46094857156
08BEAC245ED4,2023-06-30,21:56:39,28.1,100.0,3.0,24.61402,121.853386
08BEAC2529F6,2023-06-30,21:56:41,29.8,100.0,4.0,24.905624636868,121.04758657515
08BEAC245E0E,2023-06-30,21:57:06,29.6,100.0,4.0,24.926586,121.018743
08BEAC252C20,2023-06-30,21:57:21,25.7,100.0,2.0,24.574514,121.47802
08BEAC252BA0,2023-06-30,21:58:12,28.5,100.0,5.0,24.6752335,121.0590723
08BEAC2528CE,2023-06-30,21:58:24,28.7,100.0,3.0,24.7530748,121.7550418
08BEAC252B9A,2023-06-30,21:58:26,23.7,100.0,3.0,24.6250013,121.1482569
08BEAC245B1C,2023-06-30,21:58:27,28.6,100.0,4.0,24.602338,120.77856
08BEAC25291A,2023-06-30,21:58:33,30.8,100.0,4.0,24.9027334,120.9912667
08BEAC245C4E,2023-06-30,21:58:50,26.1,100.0,6.0,24.374115,120.8436439
08BEAC245F6A,2023-06-30,21:59:02,27.3,100.0,6.0,24.7457187,121.0847249
08BEAC245C7A,2023-06-30,21:59:41,28.7,100.0,7.0,24.649751,120.9531952
08BEAC252936,2023-06-30,22:00:07,26.5,100.0,0.0,24.7052738,121.183567
08BEAC245E02,2023-06-30,22:00:14,29.3,86.0,3.0,24.686842,121.798426
08BEAC245F3C,2023-06-30,22:00:52,28.3,100.0,4.0,24.639860153198,121.83334350585
08BEAC245D64,2023-06-30,22:00:56,28.7,96.0,3.0,24.62168,121.834905
08BEAC252838,2023-06-30,22:00:57,26.8,100.0,1.0,23.819479,121.473126
08BEAC252AE2,2023-06-30,22:01:07,24.0,100.0,1.0,24.4373287,121.3807443
08BEAC252862,2023-06-30,22:01:13,27.5,100.0,5.0,24.780019,121.180754
08BEAC245F4A,2023-06-30,22:01:19,28.6,100.0,3.0,24.5968,121.841078
08BEAC252820,2023-06-30,22:01:22,30.7,100.0,5.0,24.830241,121.0067357
08BEAC245DA6,2023-06-30,22:01:32,28.2,100.0,1.0,23.4844262,120.4874326
08BEAC245CF6,2023-06-30,22:01:37,28.2,100.0,2.0,23.468906434845,120.46094857156
08BEAC245ED4,2023-06-30,22:01:54,28.2,100.0,3.0,24.61402,121.853386
08BEAC2529F6,2023-06-30,22:01:55,29.8,100.0,4.0,24.905624636868,121.04758657515
08BEAC245E0E,2023-06-30,22:02:21,29.6,100.0,3.0,24.926586,121.018743
08BEAC252C20,2023-06-30,22:02:36,25.7,100.0,1.0,24.574514,121.47802
08BEAC252BA0,2023-06-30,22:03:27,28.5,100.0,5.0,24.6752335,121.0590723
08BEAC2528CE,2023-06-30,22:03:39,28.8,100.0,3.0,24.7530748,121.7550418
08BEAC252B9A,2023-06-30,22:03:40,23.7,100.0,3.0,24.6250013,121.1482569
08BEAC245B1C,2023-06-30,22:03:44,28.7,100.0,4.0,24.602338,120.77856
08BEAC25291A,2023-06-30,22:03:48,30.8,100.0,3.0,24.9027334,120.9912667
08BEAC245C4E,2023-06-30,22:04:05,26.2,100.0,6.0,24.374115,120.8436439
08BEAC245F6A,2023-06-30,22:04:18,27.3,100.0,6.0,24.7457187,121.0847249
08BEAC245C7A,2023-06-30,22:04:54,28.6,100.0,7.0,24.649751,120.9531952
08BEAC252936,2023-06-30,22:05:21,26.3,100.0,0.0,24.7052738,121.183567
08BEAC245E02,2023-06-30,22:05:29,29.5,86.0,2.0,24.686842,121.798426
08BEAC245F3C,2023-06-30,22:06:07,28.5,100.0,4.0,24.639860153198,121.83334350585
08BEAC245D64,2023-06-30,22:06:11,28.8,95.0,3.0,24.62168,121.834905
08BEAC252838,2023-06-30,22:06:13,26.8,100.0,2.0,23.819479,121.473126
08BEAC252AE2,2023-06-30,22:06:21,24.1,100.0,0.0,24.4373287,121.3807443
08BEAC252862,2023-06-30,22:06:28,27.3,100.0,5.0,24.780019,121.180754
08BEAC245F4A,2023-06-30,22:06:35,28.6,100.0,3.0,24.5968,121.841078
08BEAC252820,2023-06-30,22:06:38,30.7,100.0,5.0,24.830241,121.0067357
08BEAC245DA6,2023-06-30,22:06:48,28.2,100.0,1.0,23.4844262,120.4874326
08BEAC245CF6,2023-06-30,22:06:53,28.3,100.0,2.0,23.468906434845,120.46094857156
08BEAC245ED4,2023-06-30,22:07:08,28.2,100.0,3.0,24.61402,121.853386
08BEAC2529F6,2023-06-30,22:07:11,29.8,100.0,4.0,24.905624636868,121.04758657515
08BEAC252C20,2023-06-30,22:07:51,25.8,100.0,1.0,24.574514,121.47802
08BEAC252BA0,2023-06-30,22:08:43,28.6,100.0,4.0,24.6752335,121.0590723
08BEAC252B9A,2023-06-30,22:08:54,23.8,100.0,3.0,24.6250013,121.1482569
08BEAC2528CE,2023-06-30,22:08:56,28.8,100.0,4.0,24.7530748,121.7550418
08BEAC245B1C,2023-06-30,22:09:00,28.7,100.0,3.0,24.602338,120.77856
08BEAC25291A,2023-06-30,22:09:04,30.8,100.0,3.0,24.9027334,120.9912667
08BEAC245C4E,2023-06-30,22:09:20,26.1,100.0,6.0,24.374115,120.8436439
08BEAC245F6A,2023-06-30,22:09:33,27.3,100.0,7.0,24.7457187,121.0847249
08BEAC245C7A,2023-06-30,22:10:10,28.5,100.0,7.0,24.649751,120.9531952
08BEAC252936,2023-06-30,22:10:36,26.5,100.0,0.0,24.7052738,121.183567
08BEAC245E02,2023-06-30,22:10:44,29.5,86.0,2.0,24.686842,121.798426
08BEAC245F3C,2023-06-30,22:11:21,28.6,100.0,3.0,24.639860153198,121.83334350585
08BEAC245D64,2023-06-30,22:11:28,28.8,95.0,2.0,24.62168,121.834905
08BEAC252838,2023-06-30,22:11:28,26.7,100.0,2.0,23.819479,121.473126
08BEAC252862,2023-06-30,22:11:42,27.2,100.0,6.0,24.780019,121.180754
08BEAC245F4A,2023-06-30,22:11:50,28.6,100.0,3.0,24.5968,121.841078
08BEAC252820,2023-06-30,22:11:54,30.7,100.0,5.0,24.830241,121.0067357
08BEAC245DA6,2023-06-30,22:12:02,28.2,100.0,0.0,23.4844262,120.4874326
08BEAC245CF6,2023-06-30,22:12:10,28.3,100.0,3.0,23.468906434845,120.46094857156
08BEAC245ED4,2023-06-30,22:12:24,28.3,100.0,4.0,24.61402,121.853386
08BEAC2529F6,2023-06-30,22:12:26,29.8,100.0,4.0,24.905624636868,121.04758657515
08BEAC245E0E,2023-06-30,22:12:48,29.6,100.0,3.0,24.926586,121.018743
08BEAC252C20,2023-06-30,22:13:06,25.8,100.0,2.0,24.574514,121.47802
08BEAC252BA0,2023-06-30,22:13:56,28.6,100.0,4.0,24.6752335,121.0590723
08BEAC252B9A,2023-06-30,22:14:07,24.0,100.0,3.0,24.6250013,121.1482569
08BEAC2528CE,2023-06-30,22:14:11,29.0,100.0,4.0,24.7530748,121.7550418
08BEAC245B1C,2023-06-30,22:14:13,28.7,100.0,3.0,24.602338,120.77856
08BEAC25291A,2023-06-30,22:14:19,30.8,100.0,3.0,24.9027334,120.9912667
08BEAC245C4E,2023-06-30,22:14:35,26.2,100.0,6.0,24.374115,120.8436439
08BEAC245F6A,2023-06-30,22:14:48,27.5,100.0,7.0,24.7457187,121.0847249
08BEAC245C7A,2023-06-30,22:15:26,28.6,100.0,7.0,24.649751,120.9531952
08BEAC252936,2023-06-30,22:15:51,26.5,100.0,0.0,24.7052738,121.183567
08BEAC245E02,2023-06-30,22:15:58,29.5,86.0,3.0,24.686842,121.798426
08BEAC245F3C,2023-06-30,22:16:37,28.6,100.0,3.0,24.639860153198,121.83334350585
08BEAC245D64,2023-06-30,22:16:44,28.8,96.0,3.0,24.62168,121.834905
08BEAC252AE2,2023-06-30,22:16:46,24.2,100.0,0.0,24.4373287,121.3807443
08BEAC252838,2023-06-30,22:16:48,26.7,100.0,2.0,23.819479,121.473126
08BEAC252862,2023-06-30,22:16:56,27.2,100.0,5.0,24.780019,121.180754
08BEAC245F4A,2023-06-30,22:17:05,28.6,100.0,4.0,24.5968,121.841078
08BEAC252820,2023-06-30,22:17:08,30.7,100.0,4.0,24.830241,121.0067357
08BEAC245DA6,2023-06-30,22:17:19,28.2,100.0,1.0,23.4844262,120.4874326
08BEAC245CF6,2023-06-30,22:17:25,28.3,100.0,4.0,23.468906434845,120.46094857156
08BEAC245ED4,2023-06-30,22:17:39,28.3,100.0,4.0,24.61402,121.853386
08BEAC2529F6,2023-06-30,22:17:41,29.8,100.0,3.0,24.905624636868,121.04758657515
08BEAC245E0E,2023-06-30,22:18:03,29.7,100.0,3.0,24.926586,121.018743
08BEAC252C20,2023-06-30,22:18:19,25.8,100.0,1.0,24.574514,121.47802
08BEAC252BA0,2023-06-30,22:19:10,28.6,100.0,4.0,24.6752335,121.0590723
08BEAC252B9A,2023-06-30,22:19:23,24.1,100.0,3.0,24.6250013,121.1482569
08BEAC2528CE,2023-06-30,22:19:25,29.0,100.0,4.0,24.7530748,121.7550418
08BEAC245B1C,2023-06-30,22:19:28,28.7,100.0,4.0,24.602338,120.77856
08BEAC25291A,2023-06-30,22:19:34,31.0,100.0,3.0,24.9027334,120.9912667
08BEAC245C4E,2023-06-30,22:19:50,26.3,100.0,6.0,24.374115,120.8436439
08BEAC245F6A,2023-06-30,22:20:04,27.6,100.0,7.0,24.7457187,121.0847249
08BEAC245C7A,2023-06-30,22:20:40,28.6,100.0,7.0,24.649751,120.9531952
08BEAC252936,2023-06-30,22:21:05,26.5,100.0,0.0,24.7052738,121.183567
08BEAC245E02,2023-06-30,22:21:12,29.3,86.0,3.0,24.686842,121.798426
08BEAC245F3C,2023-06-30,22:21:52,28.6,100.0,3.0,24.639860153198,121.83334350585
08BEAC245D64,2023-06-30,22:22:00,28.8,97.0,3.0,24.62168,121.834905
08BEAC252AE2,2023-06-30,22:22:03,24.2,100.0,0.0,24.4373287,121.3807443
08BEAC252838,2023-06-30,22:22:04,26.7,100.0,2.0,23.819479,121.473126
08BEAC252862,2023-06-30,22:22:10,27.3,100.0,5.0,24.780019,121.180754
08BEAC245F4A,2023-06-30,22:22:21,28.6,100.0,3.0,24.5968,121.841078
08BEAC252820,2023-06-30,22:22:24,30.7,100.0,4.0,24.830241,121.0067357
08BEAC245DA6,2023-06-30,22:22:33,28.2,100.0,1.0,23.4844262,120.4874326
08BEAC245CF6,2023-06-30,22:22:39,28.3,100.0,4.0,23.468906434845,120.46094857156
08BEAC245ED4,2023-06-30,22:22:54,28.3,100.0,4.0,24.61402,121.853386
08BEAC2529F6,2023-06-30,22:22:57,29.8,100.0,3.0,24.905624636868,121.04758657515
08BEAC245E0E,2023-06-30,22:23:19,29.7,100.0,3.0,24.926586,121.018743
08BEAC252C20,2023-06-30,22:23:35,26.0,100.0,1.0,24.574514,121.47802
08BEAC252BA0,2023-06-30,22:24:27,28.6,100.0,4.0,24.6752335,121.0590723
08BEAC252B9A,2023-06-30,22:24:38,24.2,100.0,3.0,24.6250013,121.1482569
08BEAC245B1C,2023-06-30,22:24:42,28.7,100.0,4.0,24.602338,120.77856
08BEAC2528CE,2023-06-30,22:24:45,29.2,100.0,4.0,24.7530748,121.7550418
08BEAC25291A,2023-06-30,22:24:49,30.8,100.0,3.0,24.9027334,120.9912667
08BEAC245C4E,2023-06-30,22:25:05,26.3,100.0,6.0,24.374115,120.8436439
08BEAC245F6A,2023-06-30,22:25:18,27.7,100.0,7.0,24.7457187,121.0847249
08BEAC245C7A,2023-06-30,22:25:53,28.6,100.0,7.0,24.649751,120.9531952
08BEAC252936,2023-06-30,22:26:20,26.6,100.0,0.0,24.7052738,121.183567
08BEAC245E02,2023-06-30,22:26:26,29.5,86.0,3.0,24.686842,121.798426
08BEAC245F3C,2023-06-30,22:27:06,28.6,100.0,4.0,24.639860153198,121.83334350585
08BEAC245D64,2023-06-30,22:27:14,28.8,98.0,4.0,24.62168,121.834905
08BEAC252AE2,2023-06-30,22:27:17,24.3,100.0,1.0,24.4373287,121.3807443
08BEAC252838,2023-06-30,22:27:20,26.8,100.0,1.0,23.819479,121.473126
08BEAC252862,2023-06-30,22:27:25,27.2,100.0,7.0,24.780019,121.180754
08BEAC245F4A,2023-06-30,22:27:37,28.7,100.0,4.0,24.5968,121.841078
08BEAC252820,2023-06-30,22:27:40,30.7,100.0,4.0,24.830241,121.0067357
08BEAC245DA6,2023-06-30,22:27:47,28.2,100.0,1.0,23.4844262,120.4874326
08BEAC245CF6,2023-06-30,22:27:55,28.5,100.0,4.0,23.468906434845,120.46094857156
08BEAC245ED4,2023-06-30,22:28:10,28.5,100.0,4.0,24.61402,121.853386
08BEAC2529F6,2023-06-30,22:28:13,30.0,100.0,3.0,24.905624636868,121.04758657515
08BEAC245E0E,2023-06-30,22:28:34,29.7,100.0,3.0,24.926586,121.018743
08BEAC252C20,2023-06-30,22:28:50,26.0,100.0,1.0,24.574514,121.47802
08BEAC252BA0,2023-06-30,22:29:43,28.6,100.0,5.0,24.6752335,121.0590723
08BEAC252B9A,2023-06-30,22:29:53,24.2,100.0,3.0,24.6250013,121.1482569
08BEAC245B1C,2023-06-30,22:29:57,28.8,100.0,4.0,24.602338,120.77856
08BEAC25291A,2023-06-30,22:30:03,31.0,100.0,3.0,24.9027334,120.9912667
08BEAC245C4E,2023-06-30,22:30:20,26.5,100.0,6.0,24.374115,120.8436439
08BEAC245F6A,2023-06-30,22:30:34,27.7,100.0,6.0,24.7457187,121.0847249
08BEAC245C7A,2023-06-30,22:31:09,28.6,100.0,7.0,24.649751,120.9531952
08BEAC252936,2023-06-30,22:31:34,26.6,100.0,0.0,24.7052738,121.183567
08BEAC245E02,2023-06-30,22:31:43,29.3,87.0,3.0,24.686842,121.798426
08BEAC245F3C,2023-06-30,22:32:20,28.7,100.0,4.0,24.639860153198,121.83334350585
08BEAC245D64,2023-06-30,22:32:28,28.8,98.0,4.0,24.62168,121.834905
08BEAC252AE2,2023-06-30,22:32:33,24.2,100.0,0.0,24.4373287,121.3807443
08BEAC252838,2023-06-30,22:32:37,26.8,100.0,1.0,23.819479,121.473126
08BEAC252862,2023-06-30,22:32:39,27.3,100.0,7.0,24.780019,121.180754
08BEAC245F4A,2023-06-30,22:32:53,28.8,100.0,3.0,24.5968,121.841078
08BEAC252820,2023-06-30,22:32:55,30.7,100.0,4.0,24.830241,121.0067357
08BEAC245DA6,2023-06-30,22:33:03,28.3,100.0,1.0,23.4844262,120.4874326
08BEAC245CF6,2023-06-30,22:33:09,28.5,100.0,3.0,23.468906434845,120.46094857156
08BEAC245ED4,2023-06-30,22:33:26,28.5,100.0,4.0,24.61402,121.853386
08BEAC2529F6,2023-06-30,22:33:27,30.0,100.0,4.0,24.905624636868,121.04758657515
08BEAC245E0E,2023-06-30,22:33:49,29.7,100.0,3.0,24.926586,121.018743
08BEAC252C20,2023-06-30,22:34:05,26.1,100.0,1.0,24.574514,121.47802
08BEAC252BA0,2023-06-30,22:34:57,28.6,100.0,4.0,24.6752335,121.0590723
08BEAC252B9A,2023-06-30,22:35:07,24.3,100.0,3.0,24.6250013,121.1482569
08BEAC245B1C,2023-06-30,22:35:12,29.0,100.0,4.0,24.602338,120.77856
08BEAC25291A,2023-06-30,22:35:18,31.0,100.0,3.0,24.9027334,120.9912667
08BEAC245C4E,2023-06-30,22:35:36,26.5,100.0,6.0,24.374115,120.8436439
08BEAC2528CE,2023-06-30,22:35:44,29.3,100.0,4.0,24.7530748,121.7550418
08BEAC245F6A,2023-06-30,22:35:48,27.8,100.0,6.0,24.7457187,121.0847249
08BEAC245C7A,2023-06-30,22:36:24,28.7,100.0,7.0,24.649751,120.9531952
08BEAC252936,2023-06-30,22:36:48,26.6,100.0,0.0,24.7052738,121.183567
08BEAC245E02,2023-06-30,22:36:58,29.3,87.0,3.0,24.686842,121.798426
08BEAC245F3C,2023-06-30,22:37:37,28.7,100.0,5.0,24.639860153198,121.83334350585
08BEAC245D64,2023-06-30,22:37:41,28.8,98.0,4.0,24.62168,121.834905
08BEAC252AE2,2023-06-30,22:37:48,24.2,100.0,1.0,24.4373287,121.3807443
08BEAC252838,2023-06-30,22:37:53,27.0,100.0,1.0,23.819479,121.473126
08BEAC252862,2023-06-30,22:37:54,27.5,100.0,6.0,24.780019,121.180754
08BEAC245F4A,2023-06-30,22:38:09,28.8,100.0,4.0,24.5968,121.841078
08BEAC252820,2023-06-30,22:38:10,30.7,100.0,4.0,24.830241,121.0067357
08BEAC245DA6,2023-06-30,22:38:18,28.5,100.0,1.0,23.4844262,120.4874326
08BEAC245CF6,2023-06-30,22:38:25,28.6,100.0,3.0,23.468906434845,120.46094857156
08BEAC245ED4,2023-06-30,22:38:40,28.6,100.0,4.0,24.61402,121.853386
08BEAC2529F6,2023-06-30,22:38:42,30.1,100.0,3.0,24.905624636868,121.04758657515
08BEAC245E0E,2023-06-30,22:39:03,29.8,100.0,2.0,24.926586,121.018743
08BEAC252C20,2023-06-30,22:39:21,26.0,100.0,1.0,24.574514,121.47802
08BEAC252BA0,2023-06-30,22:40:13,28.6,100.0,4.0,24.6752335,121.0590723
08BEAC252B9A,2023-06-30,22:40:23,24.5,100.0,2.0,24.6250013,121.1482569
08BEAC245B1C,2023-06-30,22:40:28,29.2,100.0,3.0,24.602338,120.77856
08BEAC25291A,2023-06-30,22:40:35,31.0,100.0,2.0,24.9027334,120.9912667
08BEAC245C4E,2023-06-30,22:40:51,26.5,100.0,6.0,24.374115,120.8436439
08BEAC2528CE,2023-06-30,22:41:00,29.3,100.0,4.0,24.7530748,121.7550418
08BEAC245F6A,2023-06-30,22:41:18,27.8,100.0,6.0,24.7457187,121.0847249
08BEAC245C7A,2023-06-30,22:41:38,28.8,100.0,7.0,24.649751,120.9531952
08BEAC252936,2023-06-30,22:42:03,26.6,100.0,0.0,24.7052738,121.183567
08BEAC245E02,2023-06-30,22:42:12,29.3,87.0,2.0,24.686842,121.798426
08BEAC245F3C,2023-06-30,22:42:52,28.8,100.0,4.0,24.639860153198,121.83334350585
08BEAC245D64,2023-06-30,22:42:54,29.0,98.0,3.0,24.62168,121.834905
08BEAC252AE2,2023-06-30,22:43:03,24.2,100.0,1.0,24.4373287,121.3807443
08BEAC252838,2023-06-30,22:43:08,27.1,100.0,2.0,23.819479,121.473126
08BEAC252862,2023-06-30,22:43:10,27.6,100.0,7.0,24.780019,121.180754
08BEAC245F4A,2023-06-30,22:43:24,28.8,100.0,4.0,24.5968,121.841078
08BEAC252820,2023-06-30,22:43:26,30.8,100.0,3.0,24.830241,121.0067357
08BEAC245DA6,2023-06-30,22:43:33,28.3,100.0,1.0,23.4844262,120.4874326
08BEAC245CF6,2023-06-30,22:43:40,28.6,100.0,3.0,23.468906434845,120.46094857156
08BEAC245ED4,2023-06-30,22:43:55,28.6,100.0,4.0,24.61402,121.853386
08BEAC2529F6,2023-06-30,22:43:56,30.1,100.0,3.0,24.905624636868,121.04758657515
08BEAC245E0E,2023-06-30,22:44:19,29.8,100.0,3.0,24.926586,121.018743
08BEAC252C20,2023-06-30,22:44:34,26.0,100.0,1.0,24.574514,121.47802
08BEAC252BA0,2023-06-30,22:45:27,28.7,100.0,4.0,24.6752335,121.0590723
08BEAC252B9A,2023-06-30,22:45:38,24.6,100.0,3.0,24.6250013,121.1482569
08BEAC245B1C,2023-06-30,22:45:43,29.5,100.0,3.0,24.602338,120.77856
08BEAC25291A,2023-06-30,22:45:50,31.0,100.0,2.0,24.9027334,120.9912667
08BEAC245C4E,2023-06-30,22:46:07,26.6,100.0,5.0,24.374115,120.8436439
08BEAC2528CE,2023-06-30,22:46:21,29.3,100.0,5.0,24.7530748,121.7550418
08BEAC245F6A,2023-06-30,22:46:32,28.0,100.0,6.0,24.7457187,121.0847249
08BEAC245C7A,2023-06-30,22:46:55,29.0,100.0,7.0,24.649751,120.9531952
08BEAC252936,2023-06-30,22:47:18,26.6,100.0,0.0,24.7052738,121.183567
08BEAC245E02,2023-06-30,22:47:27,29.5,87.0,3.0,24.686842,121.798426
08BEAC245F3C,2023-06-30,22:48:06,28.8,100.0,3.0,24.639860153198,121.83334350585
08BEAC245D64,2023-06-30,22:48:09,29.0,97.0,3.0,24.62168,121.834905
08BEAC252AE2,2023-06-30,22:48:20,24.3,100.0,0.0,24.4373287,121.3807443
08BEAC252838,2023-06-30,22:48:24,27.2,100.0,2.0,23.819479,121.473126
08BEAC252862,2023-06-30,22:48:26,27.6,100.0,9.0,24.780019,121.180754
08BEAC245F4A,2023-06-30,22:48:37,28.8,100.0,5.0,24.5968,121.841078
08BEAC252820,2023-06-30,22:48:41,30.8,100.0,3.0,24.830241,121.0067357
08BEAC245DA6,2023-06-30,22:48:47,28.3,100.0,1.0,23.4844262,120.4874326
08BEAC245CF6,2023-06-30,22:48:57,28.7,100.0,3.0,23.468906434845,120.46094857156
08BEAC245ED4,2023-06-30,22:49:09,28.6,100.0,4.0,24.61402,121.853386
08BEAC2529F6,2023-06-30,22:49:11,30.1,100.0,4.0,24.905624636868,121.04758657515
08BEAC245E0E,2023-06-30,22:49:34,29.8,100.0,7.0,24.926586,121.018743
08BEAC252C20,2023-06-30,22:49:47,26.1,100.0,1.0,24.574514,121.47802
08BEAC252BA0,2023-06-30,22:50:42,28.8,100.0,4.0,24.6752335,121.0590723
08BEAC252B9A,2023-06-30,22:50:52,24.7,100.0,3.0,24.6250013,121.1482569
08BEAC245B1C,2023-06-30,22:50:59,29.7,100.0,4.0,24.602338,120.77856
08BEAC25291A,2023-06-30,22:51:04,31.1,100.0,3.0,24.9027334,120.9912667
08BEAC245C4E,2023-06-30,22:51:23,26.7,100.0,5.0,24.374115,120.8436439
08BEAC245F6A,2023-06-30,22:51:47,28.0,100.0,6.0,24.7457187,121.0847249
08BEAC245C7A,2023-06-30,22:52:11,29.0,100.0,7.0,24.649751,120.9531952
08BEAC252936,2023-06-30,22:52:33,26.6,100.0,0.0,24.7052738,121.183567
08BEAC245E02,2023-06-30,22:52:40,29.6,87.0,3.0,24.686842,121.798426
08BEAC245F3C,2023-06-30,22:53:22,28.8,100.0,4.0,24.639860153198,121.83334350585
08BEAC245D64,2023-06-30,22:53:23,29.0,97.0,3.0,24.62168,121.834905
08BEAC252AE2,2023-06-30,22:53:35,24.3,100.0,0.0,24.4373287,121.3807443
08BEAC252838,2023-06-30,22:53:39,27.3,100.0,2.0,23.819479,121.473126
08BEAC245F4A,2023-06-30,22:53:53,28.8,100.0,7.0,24.5968,121.841078
08BEAC252820,2023-06-30,22:53:56,31.0,100.0,3.0,24.830241,121.0067357
08BEAC245DA6,2023-06-30,22:54:01,28.3,100.0,1.0,23.4844262,120.4874326
08BEAC252862,2023-06-30,22:54:07,27.6,100.0,6.0,24.780019,121.180754
08BEAC245CF6,2023-06-30,22:54:12,28.7,100.0,3.0,23.468906434845,120.46094857156
08BEAC245ED4,2023-06-30,22:54:22,28.7,100.0,4.0,24.61402,121.853386
08BEAC2529F6,2023-06-30,22:54:26,30.0,100.0,3.0,24.905624636868,121.04758657515
08BEAC245E0E,2023-06-30,22:54:51,29.8,100.0,10.0,24.926586,121.018743
08BEAC252C20,2023-06-30,22:55:02,26.0,100.0,1.0,24.574514,121.47802
08BEAC252BA0,2023-06-30,22:55:57,28.8,100.0,5.0,24.6752335,121.0590723
08BEAC252B9A,2023-06-30,22:56:07,24.7,100.0,4.0,24.6250013,121.1482569
08BEAC245B1C,2023-06-30,22:56:15,29.7,100.0,7.0,24.602338,120.77856
08BEAC25291A,2023-06-30,22:56:19,31.0,100.0,3.0,24.9027334,120.9912667
08BEAC245C4E,2023-06-30,22:56:40,26.7,100.0,5.0,24.374115,120.8436439
08BEAC245F6A,2023-06-30,22:57:01,27.8,100.0,6.0,24.7457187,121.0847249
08BEAC245C7A,2023-06-30,22:57:26,29.0,100.0,7.0,24.649751,120.9531952
08BEAC252936,2023-06-30,22:57:48,26.7,100.0,0.0,24.7052738,121.183567
08BEAC245E02,2023-06-30,22:57:56,29.6,87.0,3.0,24.686842,121.798426
08BEAC245D64,2023-06-30,22:58:36,29.1,96.0,3.0,24.62168,121.834905
08BEAC245F3C,2023-06-30,22:58:37,28.8,100.0,6.0,24.639860153198,121.83334350585
08BEAC252AE2,2023-06-30,22:58:49,24.5,100.0,1.0,24.4373287,121.3807443
08BEAC252838,2023-06-30,22:58:54,27.3,100.0,1.0,23.819479,121.473126
08BEAC245F4A,2023-06-30,22:59:08,28.8,100.0,6.0,24.5968,121.841078
08BEAC252820,2023-06-30,22:59:13,31.0,100.0,4.0,24.830241,121.0067357
08BEAC245DA6,2023-06-30,22:59:16,28.3,100.0,1.0,23.4844262,120.4874326
08BEAC252862,2023-06-30,22:59:21,27.6,100.0,5.0,24.780019,121.180754
08BEAC245CF6,2023-06-30,22:59:28,29.0,100.0,3.0,23.468906434845,120.46094857156
08BEAC245ED4,2023-06-30,22:59:37,28.8,100.0,4.0,24.61402,121.853386
08BEAC2529F6,2023-06-30,22:59:42,30.1,100.0,3.0,24.905624636868,121.04758657515
08BEAC245E0E,2023-06-30,23:00:07,29.8,100.0,3.0,24.926586,121.018743
08BEAC252C20,2023-06-30,23:00:18,26.1,100.0,1.0,24.574514,121.47802
08BEAC252BA0,2023-06-30,23:01:10,29.0,100.0,4.0,24.6752335,121.0590723
08BEAC252B9A,2023-06-30,23:01:23,24.8,100.0,3.0,24.6250013,121.1482569
08BEAC245B1C,2023-06-30,23:01:29,29.6,100.0,7.0,24.602338,120.77856
08BEAC25291A,2023-06-30,23:01:33,31.1,100.0,3.0,24.9027334,120.9912667
08BEAC245C4E,2023-06-30,23:01:54,26.8,100.0,5.0,24.374115,120.8436439
08BEAC245F6A,2023-06-30,23:02:16,27.8,100.0,7.0,24.7457187,121.0847249
08BEAC245C7A,2023-06-30,23:02:40,29.0,100.0,7.0,24.649751,120.9531952
08BEAC2528CE,2023-06-30,23:02:55,29.3,100.0,4.0,24.7530748,121.7550418
08BEAC252936,2023-06-30,23:03:02,26.7,100.0,0.0,24.7052738,121.183567
08BEAC245E02,2023-06-30,23:03:10,29.7,87.0,3.0,24.686842,121.798426
08BEAC245F3C,2023-06-30,23:03:51,29.0,100.0,8.0,24.639860153198,121.83334350585
08BEAC245D64,2023-06-30,23:03:54,29.1,96.0,3.0,24.62168,121.834905
08BEAC252AE2,2023-06-30,23:04:04,24.5,100.0,1.0,24.4373287,121.3807443
08BEAC252838,2023-06-30,23:04:09,27.5,100.0,1.0,23.819479,121.473126
08BEAC245F4A,2023-06-30,23:04:23,29.0,100.0,5.0,24.5968,121.841078
08BEAC252820,2023-06-30,23:04:28,31.0,100.0,4.0,24.830241,121.0067357
08BEAC245DA6,2023-06-30,23:04:33,28.3,100.0,1.0,23.4844262,120.4874326
08BEAC252862,2023-06-30,23:04:35,27.5,100.0,6.0,24.780019,121.180754
08BEAC245CF6,2023-06-30,23:04:42,29.1,100.0,3.0,23.468906434845,120.46094857156
08BEAC245ED4,2023-06-30,23:04:52,29.1,100.0,4.0,24.61402,121.853386
08BEAC2529F6,2023-06-30,23:04:56,30.2,100.0,3.0,24.905624636868,121.04758657515
08BEAC245E0E,2023-06-30,23:05:23,29.8,100.0,2.0,24.926586,121.018743
08BEAC252C20,2023-06-30,23:05:33,26.2,100.0,1.0,24.574514,121.47802
08BEAC252BA0,2023-06-30,23:06:25,29.1,100.0,5.0,24.6752335,121.0590723
08BEAC252B9A,2023-06-30,23:06:40,24.7,100.0,3.0,24.6250013,121.1482569
08BEAC245B1C,2023-06-30,23:06:44,29.5,100.0,5.0,24.602338,120.77856
08BEAC25291A,2023-06-30,23:06:49,31.1,100.0,2.0,24.9027334,120.9912667
08BEAC245C4E,2023-06-30,23:07:10,27.0,100.0,5.0,24.374115,120.8436439
08BEAC245F6A,2023-06-30,23:07:31,28.0,100.0,7.0,24.7457187,121.0847249
08BEAC245C7A,2023-06-30,23:07:55,29.1,100.0,7.0,24.649751,120.9531952
08BEAC2528CE,2023-06-30,23:08:14,29.3,100.0,4.0,24.7530748,121.7550418
08BEAC252936,2023-06-30,23:08:17,26.7,100.0,0.0,24.7052738,121.183567
08BEAC245E02,2023-06-30,23:08:25,29.7,87.0,3.0,24.686842,121.798426
08BEAC245F3C,2023-06-30,23:09:07,29.0,100.0,7.0,24.639860153198,121.83334350585
08BEAC245D64,2023-06-30,23:09:10,29.2,96.0,3.0,24.62168,121.834905
08BEAC252AE2,2023-06-30,23:09:19,24.7,100.0,1.0,24.4373287,121.3807443
08BEAC252838,2023-06-30,23:09:25,27.5,100.0,1.0,23.819479,121.473126
08BEAC245F4A,2023-06-30,23:09:38,29.0,100.0,4.0,24.5968,121.841078
08BEAC252820,2023-06-30,23:09:41,31.1,100.0,4.0,24.830241,121.0067357
08BEAC245DA6,2023-06-30,23:09:49,28.5,100.0,1.0,23.4844262,120.4874326
08BEAC252862,2023-06-30,23:09:51,27.6,100.0,13.0,24.780019,121.180754
08BEAC245CF6,2023-06-30,23:09:57,29.2,100.0,4.0,23.468906434845,120.46094857156
08BEAC245ED4,2023-06-30,23:10:07,29.1,100.0,4.0,24.61402,121.853386
08BEAC2529F6,2023-06-30,23:10:10,30.2,100.0,3.0,24.905624636868,121.04758657515
08BEAC245E0E,2023-06-30,23:10:38,29.7,100.0,2.0,24.926586,121.018743
08BEAC252C20,2023-06-30,23:10:48,26.2,100.0,1.0,24.574514,121.47802
08BEAC252BA0,2023-06-30,23:11:44,29.2,100.0,4.0,24.6752335,121.0590723
08BEAC252B9A,2023-06-30,23:11:57,24.8,100.0,3.0,24.6250013,121.1482569
08BEAC245B1C,2023-06-30,23:11:59,29.3,100.0,4.0,24.602338,120.77856
08BEAC25291A,2023-06-30,23:12:05,31.2,100.0,3.0,24.9027334,120.9912667
08BEAC245C4E,2023-06-30,23:12:25,27.1,100.0,5.0,24.374115,120.8436439
08BEAC245F6A,2023-06-30,23:12:56,28.1,100.0,8.0,24.7457187,121.0847249
08BEAC245C7A,2023-06-30,23:13:09,29.1,100.0,6.0,24.649751,120.9531952
08BEAC2528CE,2023-06-30,23:13:31,29.3,100.0,4.0,24.7530748,121.7550418
08BEAC245E02,2023-06-30,23:13:38,29.7,87.0,3.0,24.686842,121.798426
08BEAC252936,2023-06-30,23:13:53,26.8,100.0,0.0,24.7052738,121.183567
08BEAC245F3C,2023-06-30,23:14:24,29.1,100.0,6.0,24.639860153198,121.83334350585
08BEAC245D64,2023-06-30,23:14:33,29.2,97.0,3.0,24.62168,121.834905
08BEAC252AE2,2023-06-30,23:14:35,24.8,100.0,1.0,24.4373287,121.3807443
08BEAC252838,2023-06-30,23:14:43,27.5,100.0,1.0,23.819479,121.473126
08BEAC245F4A,2023-06-30,23:14:53,29.1,100.0,4.0,24.5968,121.841078
08BEAC252820,2023-06-30,23:14:55,31.1,100.0,4.0,24.830241,121.0067357
08BEAC252862,2023-06-30,23:15:04,28.0,100.0,10.0,24.780019,121.180754
08BEAC245DA6,2023-06-30,23:15:08,28.5,100.0,1.0,23.4844262,120.4874326
08BEAC245CF6,2023-06-30,23:15:14,29.3,100.0,3.0,23.468906434845,120.46094857156
08BEAC245ED4,2023-06-30,23:15:24,29.2,100.0,4.0,24.61402,121.853386
08BEAC2529F6,2023-06-30,23:15:32,30.5,100.0,4.0,24.905624636868,121.04758657515
08BEAC245E0E,2023-06-30,23:16:00,29.8,100.0,2.0,24.926586,121.018743
08BEAC252C20,2023-06-30,23:16:02,26.3,100.0,2.0,24.574514,121.47802
08BEAC252BA0,2023-06-30,23:17:09,29.2,100.0,4.0,24.6752335,121.0590723
08BEAC252B9A,2023-06-30,23:17:10,24.8,100.0,3.0,24.6250013,121.1482569
08BEAC245B1C,2023-06-30,23:17:13,29.3,100.0,4.0,24.602338,120.77856
08BEAC25291A,2023-06-30,23:17:20,31.2,100.0,2.0,24.9027334,120.9912667
08BEAC245C4E,2023-06-30,23:17:45,27.2,100.0,6.0,24.374115,120.8436439
08BEAC245F6A,2023-06-30,23:18:11,28.2,100.0,8.0,24.7457187,121.0847249
08BEAC245C7A,2023-06-30,23:18:27,29.1,100.0,6.0,24.649751,120.9531952
08BEAC2528CE,2023-06-30,23:18:52,29.3,100.0,4.0,24.7530748,121.7550418
08BEAC245E02,2023-06-30,23:18:53,29.7,87.0,3.0,24.686842,121.798426
08BEAC252936,2023-06-30,23:19:15,26.8,100.0,0.0,24.7052738,121.183567
08BEAC245F3C,2023-06-30,23:19:45,29.2,100.0,5.0,24.639860153198,121.83334350585
08BEAC245D64,2023-06-30,23:19:48,29.3,97.0,3.0,24.62168,121.834905
08BEAC252838,2023-06-30,23:20:02,27.7,100.0,1.0,23.819479,121.473126
08BEAC245F4A,2023-06-30,23:20:10,29.2,100.0,4.0,24.5968,121.841078
08BEAC252820,2023-06-30,23:20:12,31.2,100.0,6.0,24.830241,121.0067357
08BEAC252862,2023-06-30,23:20:20,28.3,100.0,7.0,24.780019,121.180754
08BEAC245DA6,2023-06-30,23:20:24,28.6,100.0,0.0,23.4844262,120.4874326
08BEAC245CF6,2023-06-30,23:20:30,29.5,100.0,3.0,23.468906434845,120.46094857156
08BEAC245ED4,2023-06-30,23:20:43,29.5,100.0,5.0,24.61402,121.853386
08BEAC2529F6,2023-06-30,23:20:47,30.5,100.0,4.0,24.905624636868,121.04758657515
08BEAC245E0E,2023-06-30,23:21:15,30.0,100.0,2.0,24.926586,121.018743
08BEAC252C20,2023-06-30,23:21:19,26.3,100.0,1.0,24.574514,121.47802
08BEAC252BA0,2023-06-30,23:22:24,29.2,100.0,6.0,24.6752335,121.0590723
08BEAC252B9A,2023-06-30,23:22:26,25.0,100.0,3.0,24.6250013,121.1482569
08BEAC245B1C,2023-06-30,23:22:31,29.3,100.0,3.0,24.602338,120.77856
08BEAC25291A,2023-06-30,23:22:38,31.2,100.0,2.0,24.9027334,120.9912667
08BEAC245C4E,2023-06-30,23:23:00,27.2,100.0,6.0,24.374115,120.8436439
08BEAC245F6A,2023-06-30,23:23:30,28.3,100.0,7.0,24.7457187,121.0847249
08BEAC245C7A,2023-06-30,23:23:41,29.2,100.0,6.0,24.649751,120.9531952
08BEAC245E02,2023-06-30,23:24:08,29.7,87.0,3.0,24.686842,121.798426
08BEAC2528CE,2023-06-30,23:24:10,29.3,100.0,4.0,24.7530748,121.7550418
08BEAC252936,2023-06-30,23:24:36,27.0,100.0,0.0,24.7052738,121.183567
08BEAC245F3C,2023-06-30,23:25:02,29.3,100.0,3.0,24.639860153198,121.83334350585
08BEAC252AE2,2023-06-30,23:25:02,25.0,100.0,1.0,24.4373287,121.3807443
08BEAC245D64,2023-06-30,23:25:03,29.5,98.0,3.0,24.62168,121.834905
08BEAC252838,2023-06-30,23:25:24,27.7,100.0,1.0,23.819479,121.473126
08BEAC245F4A,2023-06-30,23:25:26,29.2,100.0,5.0,24.5968,121.841078
08BEAC252820,2023-06-30,23:25:28,31.2,100.0,6.0,24.830241,121.0067357
08BEAC252862,2023-06-30,23:25:36,28.6,100.0,6.0,24.780019,121.180754
08BEAC245DA6,2023-06-30,23:25:41,28.7,100.0,0.0,23.4844262,120.4874326
08BEAC245CF6,2023-06-30,23:25:45,29.6,100.0,2.0,23.468906434845,120.46094857156
08BEAC245ED4,2023-06-30,23:26:01,29.3,100.0,3.0,24.61402,121.853386
08BEAC2529F6,2023-06-30,23:26:01,30.7,100.0,4.0,24.905624636868,121.04758657515
08BEAC245E0E,2023-06-30,23:26:32,30.1,99.0,2.0,24.926586,121.018743
08BEAC252C20,2023-06-30,23:26:34,26.3,100.0,1.0,24.574514,121.47802
08BEAC252BA0,2023-06-30,23:27:39,29.3,100.0,6.0,24.6752335,121.0590723
08BEAC252B9A,2023-06-30,23:27:42,25.0,100.0,3.0,24.6250013,121.1482569
08BEAC245B1C,2023-06-30,23:27:49,29.5,100.0,3.0,24.602338,120.77856
08BEAC25291A,2023-06-30,23:27:54,31.3,100.0,2.0,24.9027334,120.9912667
08BEAC245C4E,2023-06-30,23:28:24,27.3,100.0,6.0,24.374115,120.8436439
08BEAC245F6A,2023-06-30,23:28:45,28.7,100.0,7.0,24.7457187,121.0847249
08BEAC245C7A,2023-06-30,23:29:05,29.1,100.0,6.0,24.649751,120.9531952
08BEAC245E02,2023-06-30,23:29:23,29.7,87.0,3.0,24.686842,121.798426
08BEAC2528CE,2023-06-30,23:29:41,29.6,100.0,3.0,24.7530748,121.7550418
08BEAC252936,2023-06-30,23:30:01,27.1,100.0,0.0,24.7052738,121.183567
08BEAC245D64,2023-06-30,23:30:19,29.5,98.0,3.0,24.62168,121.834905
08BEAC245F3C,2023-06-30,23:30:19,29.6,100.0,3.0,24.639860153198,121.83334350585
08BEAC252AE2,2023-06-30,23:30:21,25.1,100.0,1.0,24.4373287,121.3807443
08BEAC252838,2023-06-30,23:30:45,28.0,100.0,1.0,23.819479,121.473126
08BEAC252820,2023-06-30,23:30:46,31.2,100.0,6.0,24.830241,121.0067357
08BEAC245F4A,2023-06-30,23:30:51,29.3,100.0,5.0,24.5968,121.841078
08BEAC252862,2023-06-30,23:30:53,29.0,100.0,8.0,24.780019,121.180754
08BEAC245DA6,2023-06-30,23:30:59,28.8,100.0,1.0,23.4844262,120.4874326
08BEAC245CF6,2023-06-30,23:31:06,29.8,100.0,2.0,23.468906434845,120.46094857156
08BEAC245ED4,2023-06-30,23:31:18,29.5,100.0,2.0,24.61402,121.853386
08BEAC2529F6,2023-06-30,23:31:26,30.7,100.0,5.0,24.905624636868,121.04758657515
08BEAC245E0E,2023-06-30,23:31:48,30.2,98.0,2.0,24.926586,121.018743
08BEAC252C20,2023-06-30,23:31:50,26.6,100.0,2.0,24.574514,121.47802
08BEAC252B9A,2023-06-30,23:32:59,25.1,100.0,3.0,24.6250013,121.1482569
08BEAC252BA0,2023-06-30,23:32:59,29.6,100.0,5.0,24.6752335,121.0590723
08BEAC245B1C,2023-06-30,23:33:06,29.5,100.0,3.0,24.602338,120.77856
08BEAC25291A,2023-06-30,23:33:16,31.3,100.0,3.0,24.9027334,120.9912667
08BEAC245C4E,2023-06-30,23:33:39,27.5,100.0,6.0,24.374115,120.8436439
08BEAC245F6A,2023-06-30,23:34:02,28.7,100.0,10.0,24.7457187,121.0847249
08BEAC245E02,2023-06-30,23:34:40,29.7,86.0,4.0,24.686842,121.798426
08BEAC2528CE,2023-06-30,23:34:58,29.6,100.0,4.0,24.7530748,121.7550418
08BEAC252936,2023-06-30,23:35:24,27.1,100.0,0.0,24.7052738,121.183567
08BEAC245F3C,2023-06-30,23:35:41,29.6,99.0,3.0,24.639860153198,121.83334350585
08BEAC245D64,2023-06-30,23:35:44,29.6,97.0,3.0,24.62168,121.834905
08BEAC252AE2,2023-06-30,23:35:46,25.2,100.0,1.0,24.4373287,121.3807443
08BEAC252838,2023-06-30,23:36:00,28.0,100.0,1.0,23.819479,121.473126
08BEAC252820,2023-06-30,23:36:02,31.3,100.0,7.0,24.830241,121.0067357
08BEAC245F4A,2023-06-30,23:36:08,29.3,100.0,4.0,24.5968,121.841078
08BEAC252862,2023-06-30,23:36:09,29.1,100.0,7.0,24.780019,121.180754
08BEAC245DA6,2023-06-30,23:36:20,28.8,100.0,0.0,23.4844262,120.4874326
08BEAC245CF6,2023-06-30,23:36:21,29.8,100.0,2.0,23.468906434845,120.46094857156
08BEAC245ED4,2023-06-30,23:36:35,29.6,100.0,2.0,24.61402,121.853386
08BEAC2529F6,2023-06-30,23:36:42,30.8,100.0,4.0,24.905624636868,121.04758657515
08BEAC252C20,2023-06-30,23:37:06,26.7,100.0,1.0,24.574514,121.47802
08BEAC245E0E,2023-06-30,23:37:21,30.2,98.0,2.0,24.926586,121.018743
08BEAC252B9A,2023-06-30,23:38:15,25.1,100.0,3.0,24.6250013,121.1482569
08BEAC245B1C,2023-06-30,23:38:23,29.6,100.0,3.0,24.602338,120.77856
08BEAC25291A,2023-06-30,23:38:38,31.5,100.0,3.0,24.9027334,120.9912667
08BEAC252BA0,2023-06-30,23:38:47,29.6,100.0,9.0,24.6752335,121.0590723
08BEAC245C4E,2023-06-30,23:39:05,27.5,100.0,5.0,24.374115,120.8436439
08BEAC245F6A,2023-06-30,23:39:22,28.8,100.0,10.0,24.7457187,121.0847249
08BEAC245C7A,2023-06-30,23:39:27,29.3,100.0,5.0,24.649751,120.9531952
08BEAC245E02,2023-06-30,23:39:54,29.8,84.0,3.0,24.686842,121.798426
08BEAC2528CE,2023-06-30,23:40:14,29.7,100.0,3.0,24.7530748,121.7550418
08BEAC252936,2023-06-30,23:40:40,27.1,100.0,0.0,24.7052738,121.183567
08BEAC245F3C,2023-06-30,23:40:55,29.7,99.0,3.0,24.639860153198,121.83334350585
08BEAC245D64,2023-06-30,23:41:01,29.6,96.0,3.0,24.62168,121.834905
08BEAC252AE2,2023-06-30,23:41:01,25.5,100.0,1.0,24.4373287,121.3807443
08BEAC252838,2023-06-30,23:41:16,28.0,100.0,1.0,23.819479,121.473126
08BEAC252820,2023-06-30,23:41:19,31.2,100.0,6.0,24.830241,121.0067357
08BEAC245F4A,2023-06-30,23:41:25,29.3,100.0,3.0,24.5968,121.841078
08BEAC252862,2023-06-30,23:41:28,29.3,100.0,6.0,24.780019,121.180754
08BEAC245DA6,2023-06-30,23:41:36,29.0,100.0,1.0,23.4844262,120.4874326
08BEAC245CF6,2023-06-30,23:41:37,30.0,100.0,2.0,23.468906434845,120.46094857156
08BEAC245ED4,2023-06-30,23:41:54,29.8,100.0,2.0,24.61402,121.853386
08BEAC2529F6,2023-06-30,23:41:59,30.8,100.0,5.0,24.905624636868,121.04758657515
08BEAC252C20,2023-06-30,23:42:23,26.7,100.0,1.0,24.574514,121.47802
08BEAC245E0E,2023-06-30,23:42:36,30.3,98.0,3.0,24.926586,121.018743
08BEAC252B9A,2023-06-30,23:43:37,25.2,100.0,3.0,24.6250013,121.1482569
08BEAC245B1C,2023-06-30,23:43:38,29.6,100.0,3.0,24.602338,120.77856
08BEAC25291A,2023-06-30,23:43:52,31.5,100.0,3.0,24.9027334,120.9912667
08BEAC252BA0,2023-06-30,23:44:04,29.7,100.0,10.0,24.6752335,121.0590723
08BEAC245C4E,2023-06-30,23:44:21,27.5,100.0,6.0,24.374115,120.8436439
08BEAC245F6A,2023-06-30,23:44:36,29.0,100.0,9.0,24.7457187,121.0847249
08BEAC245C7A,2023-06-30,23:44:44,29.3,100.0,6.0,24.649751,120.9531952
08BEAC245E02,2023-06-30,23:45:11,29.8,84.0,2.0,24.686842,121.798426
08BEAC2528CE,2023-06-30,23:45:30,29.8,100.0,3.0,24.7530748,121.7550418
08BEAC252936,2023-06-30,23:45:55,27.2,100.0,0.0,24.7052738,121.183567
08BEAC245F3C,2023-06-30,23:46:11,29.7,98.0,3.0,24.639860153198,121.83334350585
08BEAC245D64,2023-06-30,23:46:16,29.7,94.0,3.0,24.62168,121.834905
08BEAC252AE2,2023-06-30,23:46:19,25.8,100.0,1.0,24.4373287,121.3807443
08BEAC252838,2023-06-30,23:46:30,28.0,100.0,1.0,23.819479,121.473126
08BEAC252820,2023-06-30,23:46:37,31.5,100.0,6.0,24.830241,121.0067357
08BEAC245F4A,2023-06-30,23:46:44,29.5,100.0,3.0,24.5968,121.841078
08BEAC252862,2023-06-30,23:46:49,29.6,100.0,6.0,24.780019,121.180754
08BEAC245CF6,2023-06-30,23:46:54,30.0,100.0,2.0,23.468906434845,120.46094857156
08BEAC245DA6,2023-06-30,23:46:57,29.1,100.0,1.0,23.4844262,120.4874326
08BEAC245ED4,2023-06-30,23:47:09,29.8,100.0,2.0,24.61402,121.853386
08BEAC2529F6,2023-06-30,23:47:16,31.0,100.0,5.0,24.905624636868,121.04758657515
08BEAC245E0E,2023-06-30,23:47:56,30.3,98.0,3.0,24.926586,121.018743
08BEAC252C20,2023-06-30,23:48:26,26.8,100.0,1.0,24.574514,121.47802
08BEAC252B9A,2023-06-30,23:48:51,25.3,100.0,3.0,24.6250013,121.1482569
08BEAC245B1C,2023-06-30,23:48:56,29.6,100.0,3.0,24.602338,120.77856
08BEAC25291A,2023-06-30,23:49:08,31.5,100.0,4.0,24.9027334,120.9912667
08BEAC252BA0,2023-06-30,23:49:22,29.8,100.0,9.0,24.6752335,121.0590723
08BEAC245C4E,2023-06-30,23:49:35,27.6,100.0,6.0,24.374115,120.8436439
08BEAC245F6A,2023-06-30,23:49:56,29.1,100.0,8.0,24.7457187,121.0847249
08BEAC245C7A,2023-06-30,23:49:58,29.3,100.0,6.0,24.649751,120.9531952
08BEAC245E02,2023-06-30,23:50:24,30.0,85.0,3.0,24.686842,121.798426
08BEAC2528CE,2023-06-30,23:50:53,30.0,100.0,3.0,24.7530748,121.7550418
08BEAC252936,2023-06-30,23:51:17,27.2,100.0,0.0,24.7052738,121.183567
08BEAC245F3C,2023-06-30,23:51:26,29.8,97.0,3.0,24.639860153198,121.83334350585
08BEAC252AE2,2023-06-30,23:51:36,26.1,100.0,1.0,24.4373287,121.3807443
08BEAC245D64,2023-06-30,23:51:41,29.7,94.0,2.0,24.62168,121.834905
08BEAC252838,2023-06-30,23:51:49,27.8,100.0,1.0,23.819479,121.473126
08BEAC252820,2023-06-30,23:51:52,31.5,100.0,6.0,24.830241,121.0067357
08BEAC245F4A,2023-06-30,23:52:01,29.5,100.0,3.0,24.5968,121.841078
08BEAC252862,2023-06-30,23:52:07,29.8,100.0,6.0,24.780019,121.180754
08BEAC245CF6,2023-06-30,23:52:12,30.0,100.0,2.0,23.468906434845,120.46094857156
08BEAC245DA6,2023-06-30,23:52:12,29.1,100.0,0.0,23.4844262,120.4874326
08BEAC245ED4,2023-06-30,23:52:25,29.8,100.0,3.0,24.61402,121.853386
08BEAC2529F6,2023-06-30,23:52:40,31.1,100.0,5.0,24.905624636868,121.04758657515
08BEAC245E0E,2023-06-30,23:53:23,30.3,98.0,4.0,24.926586,121.018743
08BEAC252C20,2023-06-30,23:53:42,27.0,100.0,2.0,24.574514,121.47802
08BEAC245B1C,2023-06-30,23:54:11,29.8,100.0,3.0,24.602338,120.77856
08BEAC252B9A,2023-06-30,23:54:11,25.5,100.0,3.0,24.6250013,121.1482569
08BEAC25291A,2023-06-30,23:54:25,31.6,100.0,3.0,24.9027334,120.9912667
08BEAC252BA0,2023-06-30,23:54:39,30.0,100.0,8.0,24.6752335,121.0590723
08BEAC245C4E,2023-06-30,23:54:55,27.6,100.0,6.0,24.374115,120.8436439
08BEAC245F6A,2023-06-30,23:55:15,29.2,100.0,8.0,24.7457187,121.0847249
08BEAC245C7A,2023-06-30,23:55:20,29.5,100.0,6.0,24.649751,120.9531952
08BEAC245E02,2023-06-30,23:55:38,30.0,85.0,3.0,24.686842,121.798426
08BEAC2528CE,2023-06-30,23:56:11,29.8,100.0,3.0,24.7530748,121.7550418
08BEAC252936,2023-06-30,23:56:33,27.3,100.0,0.0,24.7052738,121.183567
08BEAC245F3C,2023-06-30,23:56:41,29.7,95.0,3.0,24.639860153198,121.83334350585
08BEAC252AE2,2023-06-30,23:56:54,26.5,100.0,1.0,24.4373287,121.3807443
08BEAC245D64,2023-06-30,23:56:59,29.7,93.0,2.0,24.62168,121.834905
08BEAC252838,2023-06-30,23:57:06,28.0,100.0,1.0,23.819479,121.473126
08BEAC252820,2023-06-30,23:57:10,31.5,100.0,5.0,24.830241,121.0067357
08BEAC252862,2023-06-30,23:57:22,30.2,100.0,6.0,24.780019,121.180754
08BEAC245F4A,2023-06-30,23:57:25,29.5,100.0,3.0,24.5968,121.841078
08BEAC245DA6,2023-06-30,23:57:28,29.2,100.0,0.0,23.4844262,120.4874326
08BEAC245CF6,2023-06-30,23:57:33,29.8,100.0,1.0,23.468906434845,120.46094857156
08BEAC245ED4,2023-06-30,23:57:46,29.8,100.0,3.0,24.61402,121.853386
08BEAC2529F6,2023-06-30,23:57:57,31.1,100.0,5.0,24.905624636868,121.04758657515
08BEAC245E0E,2023-06-30,23:58:36,30.5,97.0,4.0,24.926586,121.018743
08BEAC252C20,2023-06-30,23:59:00,27.1,100.0,1.0,24.574514,121.47802
08BEAC252B9A,2023-06-30,23:59:26,25.6,100.0,4.0,24.6250013,121.1482569
08BEAC245B1C,2023-06-30,23:59:33,30.0,100.0,3.0,24.602338,120.77856
08BEAC25291A,2023-06-30,23:59:40,31.7,100.0,4.0,24.9027334,120.9912667
